0,1,2,3,10,11,12,13,20,21,22,23,30,31,32,33,40,41,42,43,50,51,52,53,60,61,62,63,70,71,72,73,80,81,82,83,90,91,92,93,100,101,102,103,110,111,112,113,120,121,122,123,130,131,132,133,140,141,142,143,150,151,152,153,160,161,162,163,170,171,172,173,180,181,182,183,190,191,192,193,200,201,202,203,210,211,212,213,220,221,222,223,230,231,232,233,240,241,242,243,250,251,252,253,260,261,262,263,270,271,272,273,280,281,282,283,290,291,292,293,300,301,302,303,310,311,312,313,320,321,322,323,330,331,332,333,340,341,342,343,350,351,352,353,360,361,362,363,370,371,372,373,380,381,382,383,390,391,392,393,400,401,402,403,410,411,412,413,420,421,422,423,430,431,432,433,440,441,442,443,450,451,452,453,460,461,462,463,470,471,472,473,480,481,482,483,490,491,492,493,500,501,502,503,510,511,512,513,520,521,522,523,530,531,532,533,540,541,542,543,550,551,552,553,560,561,562,563,570,571,572,573,580,581,582,583,590,591,592,593,600,601,602,603,610,611,612,613,620,621,622,623,630,631,632,633,640,641,642,643,650,651,652,653,660,661,662,663,670,671,672,673,680,681,682,683,690,691,692,693,700,701,702,703,710,711,712,713,720,721,722,723,730,731,732,733,740,741,742,743,750,751,752,753,760,761,762,763,770,771,772,773,780,781,782,783,790,791,792,793,800,801,802,803,810,811,812,813,820,821,822,823,830,831,832,833,840,841,842,843,850,851,852,853,860,861,862,863,870,871,872,873,880,881,882,883,890,891,892,893,900,901,902,903,910,911,912,913,920,921,922,923,930,931,932,933,940,941,942,943,950,951,952,953,960,961,962,963,970,971,972,973,980,982,983,990,991,992,993,99300
236.94171312544495,75.32685423995645,82.39074596265709,79.10601284349582,1049.7995462543583,430.0590600952694,225.751205911724,393.8711801680123,3580.6283509232353,1083.0154283997774,1262.548263215419,1234.946559228682,768.9791887371919,243.94648183419542,263.30924164778526,261.6053651758683,2255.570690380873,901.625384840377,681.2946126994943,672.5325927616559,506.8469530013947,162.87520178260047,179.73345156809955,164.12019957135078,211.96818948035354,85.094196255327,71.36526814898866,55.390624996703764,301.7047068952879,-7.916603604817055,-20.070570789264366,329.5737812100356,582.6534304285929,136.3023234412376,247.8410080373725,198.39199887065297,395.7872579977238,177.687997464869,123.50145867536094,94.47970177814614,-41.16452527997262,3.2858249445964702,-28.0867646899203,-16.48168561400371,289.16906099970333,144.01870078488992,111.90130130660509,33.130958828872735,1775.0164232907814,549.7781993129255,681.2234328159248,543.8966910825955,181.0157833543235,47.37482279307096,67.96797793870132,65.55488254320426,998.1942732509003,271.95703945049115,399.86855447169035,326.2505792493796,668.5743248113129,162.40432940409278,263.92147879920833,242.13041652867548,4351.74874030217,1422.1601794301016,1864.706948826708,1064.7635119660094,-278.5327038538894,-122.11633449988608,-80.5837655001319,-75.95070393319861,197.55115005393077,84.97776111843427,44.50877780398673,67.94651105215439,210.1704399006636,54.145134041822075,128.3467511949832,27.560454584524678,741.6205249743809,81.973663358262,345.0552757299166,314.47348580685775,1528.1287341448692,496.409718404768,530.8360040258972,500.76491163484866,2388.446847296703,769.8885342541168,1052.577514629262,565.8626983339875,2321.313108927775,700.6779601417539,1060.189958237551,560.3270904691508,1065.8359358023158,449.0237408578065,307.6858664233256,309.00822844186246,-88.0896825639611,58.19159017328934,-25.911230586121974,-120.48814223048589,1900.9331611892694,367.72108864479117,855.1572723408353,677.9367001243609,478.01401206452033,262.2008363551462,150.555037520538,65.14003810950408,1201.5250506681273,399.3622341373432,512.9943399215488,289.0503765299118,-2.939343388330826,5.574834728543465,-31.77944663752396,23.147168441304757,1630.6036530896652,659.884044104853,533.9732266905277,436.628282214946,1252.3371390472005,507.20613487862795,454.7464717158522,290.26643237337134,1425.499656755529,461.85672027199996,490.53504434684544,472.9897920573461,818.6233531602857,485.4387237614212,192.87639062478877,140.19013869473747,3908.3056015302964,1693.1615319884938,991.2400852797614,1223.7858841826978,911.4994160127796,436.7181739439137,291.54990286490977,183.11323912461114,588.2409631869427,150.16174315034164,323.6747619253048,114.2863580319356,240.5850694188547,115.79355853025731,78.80249084217007,45.87091996708318,1102.9799745017735,385.5165819974761,362.70175111933736,354.6435413056171,522.5078995840558,124.2757682419251,158.34275879406664,239.77127246872453,221.24311880691528,126.1308686963373,52.527599998410324,42.46655003281717,216.28315452650543,57.663085187338766,103.44737192306593,55.05459733676457,264.9363191066161,83.20321784297175,114.86353354913967,66.75146763517205,-171.08710631287,-35.74427706685401,-75.84442285709565,-59.616506468270245,596.3581579271893,229.84879275380388,116.7878979751606,249.60336711889659,86.76251492919414,28.70461822347579,28.324397690588512,29.615398935783332,3799.4624970178947,1396.4218655859815,1508.8661805725278,894.0563507800506,517.4156735782036,203.90954985043913,136.54730164497937,176.84072200343314,1259.6523827745607,388.2056396688712,448.48937313477563,422.8392698915943,1794.9093288933823,539.5444015957488,735.9588452644603,519.2879819538202,-113.23852415508031,-32.51102561305311,-49.86055450865956,-30.98504411271233,790.3710750348378,367.15196878202244,234.27073274369548,188.83027342977311,508.64403995504006,198.2109419395847,141.88170193105134,168.4332960050641,537.110815841183,29.740865796721664,269.9164893306952,237.335360634405,31.171177295955204,7.161329217525008,7.751693334592346,16.140054664494983,4144.2216982569025,1387.0596117038267,1191.0076703617644,1566.036316111955,1227.0047871130594,468.00799731407665,236.09296835806776,522.7857213615724,483.10815358257366,244.49870891869614,83.13227361448116,155.35907097004906,1080.7208841821014,427.91369995639934,330.99708368648226,321.6920004598818,93.17353480921565,13.712553701524484,25.55136383600302,53.79151719235756,255.41136932006862,111.15707511066785,43.02080478571156,101.11538934435043,468.5073095518354,164.11259017320458,128.4635252959597,175.81309400333055,5583.181804001957,1460.0504404672654,2148.9968750782787,1974.0163883770442,637.1264516371566,247.77162063897606,181.45661857393486,207.78011234489702,630.3944434666327,200.7220251420681,273.20241433480487,156.35190391041942,416.75555088803753,140.80073831632035,184.96037485459215,90.87633763777944,1502.020111576007,642.3369134457494,486.45649617209665,373.1086018788154,131.57025939700952,50.640718382536534,36.079548045036745,44.731892890085874,401.0413269197153,181.15448839165595,135.1241004092858,84.64463803942749,341.6472175989969,50.87678674018298,188.5773601557314,102.07497062375523,2470.873964672308,789.3585611015873,1011.1929365070699,670.2043669842858,2.017275604368251,-0.08771050058658147,2.5193925884907458,-0.5325065628817356,369.85858257970403,122.64305491788582,124.96212002396487,122.13530755850229,-257.71020111485905,-53.44532534351447,-111.15956657188372,-93.22340927880873,-664.1394010632114,-188.5109806349651,-310.2679875693632,-165.47853293826074,1195.974596796986,365.45104088993196,463.2833972490032,367.1220585787121,292.76659850428666,60.15067262186585,152.7529470109539,79.74487879212666,68.01036332238027,40.31408829757834,8.636275524474968,18.941899420997288,1023.8369667241247,422.5856344682319,351.1759044441104,249.95732773244322,1319.1116774273019,574.4097556707281,334.52412368088085,410.05969799636216,1793.0198867302847,773.4442254139503,630.379734496095,389.0778267409062,4680.678132951102,1841.2384308256896,1527.2515145001435,1312.0700875458724,1534.713274749244,509.16897442697984,538.5148989964496,486.91130124648384,3588.8022602440433,1314.317593689421,1520.890904293895,753.4756621813794,344.1599808498112,150.84082518917398,104.62861132443686,88.57244425685258,434.8498108204284,210.69344576520746,102.19967185333735,121.83859312254754,1716.6943664999026,515.9940689288351,623.2572833797803,577.3249141119403,191.3202769928315,62.291379467937304,75.04847132634677,53.86232611921082,19.163998766887744,8.454691038394458,0.8832547527936185,9.707952896350662,427.83588366650963,94.59471582513856,143.4001769452393,189.72289081679617,1333.124372312674,288.3320590886981,747.139600195665,297.53461294897454,167.64976516221236,49.628120968461644,51.4881188376155,66.41542527680144,1059.353194480134,395.2576025954295,479.01747300753175,184.9600187978051,1309.4723531348166,576.9931437561538,408.4903307435932,323.8707785557282,131.68703227855303,47.87659964249292,24.95587206973869,58.73646048697901,420.33099870334513,197.87673766618536,114.4420533181983,107.89410763961473,13.0983917753465,5.119519012053843,2.5399884389048566,5.320784245043114,267.0740340467785,95.50869528170779,81.89544773498619,89.5517909507355,9.520071993326383,3.345359866609442,6.11566208703789,854.8242027163878,258.9800379901269,255.06015382842656,340.66591081849435,192076.64357650717
183.47187272474764,38.55379209078774,67.07142995402592,77.60599250489668,-612.7656320438566,-127.48190397836834,-439.7536523085939,-45.770733931929726,2096.562013993658,665.0288616895929,669.5218133896444,761.7706807393747,353.9249867199321,125.1919555815532,128.46718931458918,100.02518364874595,1038.8125541308289,347.186000889724,413.0810694001625,278.30482566589603,84.972254612901,13.026580071451008,43.24081446233549,28.46420190406866,93.60449814909794,40.44244908084943,40.51713789789187,12.40425299532103,-1889.4032357416743,-539.9161338596657,-728.5262185864497,-621.2015414705993,183.91361815968037,33.023410744662215,64.26937255269013,86.38017668729594,310.52936066623727,168.1667954782679,99.36493573248322,42.75697128044203,-355.40512168500163,-77.55342043793326,-145.99182406715295,-132.10053535496513,-239.30050443767232,51.777193625995096,-118.13000067622579,-173.18835556247814,473.4483490368823,89.19257210559067,333.25979658807273,50.755322168183056,81.86793095389157,43.289578498272704,15.690350556047406,22.647343724524262,8.61008842816932,-52.2250390384263,-0.2829239723635055,60.87739326391602,501.0964506691862,128.83221326292255,232.7747648024025,139.24881442882247,2471.4638426644447,765.9827057017825,1021.9551748127731,683.2853039748375,-1504.374134683913,-581.4091239990369,-551.3901044204026,-371.81556443950717,157.1436782708838,68.28591215068695,53.22937989676143,35.38772804838004,10.333421996058405,-11.252292288091212,42.762710635769736,-21.417654526660044,473.1486353338506,65.77973008166623,248.1564752071729,158.9717718699644,431.1972608017562,146.29321976176539,133.98646775450288,150.67691511043654,299.5233756910485,147.37801835721757,152.81419782582702,-0.9094986670388607,612.5864032178024,135.96697293349825,335.7142711360517,140.66450097322695,318.5685036145038,114.127718949469,43.77377557628165,160.4263509137313,-1763.7930747362495,-250.38744747919964,-764.2509390423093,-749.3953463897963,-567.9982287262226,-322.9272816523476,-306.7683220177046,61.45671676883944,131.25833051936524,100.02121069662076,49.580280344865514,-18.58381869715663,536.0324820412799,277.56418250089746,155.8050631120284,102.42257825332626,-257.5074195113359,-79.3076135972151,-117.25908745323773,-61.18137663592438,548.787868181531,206.41720809672097,130.76194305982926,211.36805884993657,137.02017323763857,35.90256755522546,87.79531117355464,13.081636333812867,-520.0094395841761,-207.7916643356482,218.55019420460167,-531.0086276281818,147.0104511573361,185.43905651060527,4.982631434304494,-43.651894962611095,1656.137901653359,749.3597612338657,350.9485905316318,555.5888917128252,457.4546327915532,257.25459550576204,172.0431824129589,27.916196697787655,-186.0684454085606,-63.29229072920475,21.538157564460334,-144.5549704188727,55.773484613804385,36.98088177168165,12.464902472880794,6.087042194199512,217.44910724494446,121.36832898448051,57.11744392258629,38.72267616283398,453.66833432162264,87.69776112870522,144.87355750145502,220.8563575164227,34.35082511287942,20.870828364927092,-6.000146168880065,19.23948474178792,-36.79375258606251,-9.379399621891253,-6.867324594224328,-20.787686544981398,175.8985996610429,87.0029910378455,40.56837835561737,48.086572092540564,-571.8558556249443,-155.9140002393376,-245.12494177404437,-171.0575717866102,485.3422181192125,195.54813909807876,94.90602620000436,194.6473946460967,98.76769610759379,38.47163709954225,26.188504557762826,33.86689627524015,2525.531563186105,1003.9669126814679,981.0204329746628,540.3035593549298,132.8056156730147,47.39868634033678,11.45581142844162,73.71045972918841,172.4320318426618,-29.55885298536259,62.65138458231968,139.0988420706858,294.5921640161148,283.30259100518276,-12.91358060128755,23.962495437173175,-517.3437908650042,-199.1658462587045,-175.23041546199352,-143.18818731935494,58.13525998351088,60.0626533426705,17.147172546184493,-19.31522408039109,302.7975196568991,109.43754068111684,108.94331877626428,84.17600202447647,-764.3888940201375,-462.36468989631635,-125.40097866663427,-176.8638836322457,-24.178321900853007,-15.559051558835108,-0.15899034628387199,-8.700938170773497,3341.9521857468117,1016.7025960438692,1212.1343921527086,1112.8745393751767,372.62492188128397,132.09249207896482,60.01657591521575,180.27519571205983,269.930890611205,129.35745677523414,32.6791976846157,107.65357797630872,274.3179119096566,114.76811796204129,32.63524216753967,126.67389360504058,-57.39764735043991,-25.985634843607386,-18.56486999282697,-13.087800689045025,215.69137182714542,95.48462003841973,32.72406540326574,87.24202821042468,186.1162449384385,106.04533212886895,43.67633800194744,36.15391663257992,4899.715737563491,1373.5438474835057,1895.831589036647,1630.0996428682731,176.3995521280625,57.54889433809899,3.9120601246618207,114.69793949025279,-117.02458079800476,-52.374695538283504,-34.10475819836347,-30.785785236399533,75.0469404506398,34.78725816640895,74.75261274763466,-34.73358863845192,1339.0567871062415,611.5943886110903,347.9823284642607,379.2394118558466,98.48375071001396,38.47440718678649,28.74733109258932,31.02135425558913,85.15086070699726,72.06733550863964,27.20295016381442,-14.360083140501729,-417.0535187551857,-194.4405051983249,-93.6890774061153,-129.1645943257779,459.78393117944404,197.8686333741797,97.00780409194977,164.666835538266,1.5185301482467821,-1.6115133253558724,3.275177804650866,-0.3857925060915477,266.9100250772666,99.4870455700202,68.05295546607567,99.12936586612182,-997.300773555439,-265.0605267534095,-450.125595431085,-282.35530954598926,-2243.6280579701497,-620.9668084116131,-961.2967303826924,-661.6051773509132,197.80806944223752,44.65204730243022,83.80240041230991,69.11296355245736,5.261075179604859,-1.7927094109493282,-6.134195415029353,12.94732183053884,18.672216105213238,16.095977644477216,-7.456416038370207,9.79199632407358,340.7402270998292,174.28469529802192,117.27207196526047,48.94280166150543,252.0349799770488,139.11273184689048,-24.41642672522903,137.09801668035902,699.9148201711046,243.18231998042188,260.2725861445774,196.21925587107341,2826.752565417506,1139.6842375151311,895.5463331649612,791.2813365623415,626.0681268379981,168.24683859664424,260.97398811890105,196.60664194741798,790.1613019741561,312.9397333934412,104.26231112240453,372.7185992832525,87.6394865210616,76.81511880408561,53.73088578951592,-43.147176247584184,120.9217331717548,80.41836166193139,3.976478016653573,36.28623531813264,895.0307423720985,279.89957811320505,260.0971144202957,354.7933916635516,156.13638571070715,63.99411558131351,56.551009460810974,35.350602493547285,6.408929659121668,-2.757963625605271,0.566992093715271,8.35924301596151,264.29764374236186,49.74168909748255,79.70850139207528,134.60679507776513,794.6758283893345,6.506035166631136,680.1100067026589,107.8191283450094,106.06742555182927,25.580637378687697,53.81311206623468,26.433017931870154,535.4715744430423,231.2895470791957,214.2502219818615,89.69114720692642,-361.2983682904385,53.81531594981357,-282.4171869456966,-132.9371554695956,34.710121395511806,-2.336090946080276,25.718209307887037,11.087344858664892,-255.0978572353929,8.279149627918741,-176.54982057328425,-87.06784446507436,-3.734983194453662,-3.934227801532188,-0.054090990815439,0.012677422849037612,156.39940555899625,45.23756978552774,46.920120293184254,64.00105730523319,-12.677546275550185,-4.15485846772458,-8.643016895355004,475.2430288453536,154.12394811450872,126.68631371119409,194.19210884460915,51989.42849547056
89.62552159364691,-4.628197220190941,49.851300195576414,44.04420825336729,-5128.553261968536,-1584.725768694382,-2191.4312064444885,-1352.7544971945533,49.62739421383799,93.7311823920254,-141.6767376897585,97.214739146679,-24.996255922295404,19.40467072595061,-6.895077439994111,-37.86405957314719,-1043.3352721458643,-693.8444304940078,-69.57480200471969,-280.27425001202255,-328.3308035929899,-117.27037148195745,-126.39870042953066,-85.01994204640118,-16.854120710524057,30.566236971982107,-30.150363004328256,-17.628205043067737,-4480.45293172448,-1166.773714338735,-1625.9463281704336,-1688.0910995802112,-123.99089159421555,-39.89398421258966,-57.60021335116562,-26.85490439534533,210.6806370196192,149.692234884272,84.75805332002733,-24.127861549566205,-750.687327633055,-194.73519491115235,-307.69134971881476,-248.61899336797455,-770.3950127909923,-45.033196186453324,-323.30434910933104,-402.4156778600966,-1164.4740696393558,-537.5908598005706,-86.79010055008189,-540.4513196535877,-11.408171466484646,30.598937550056917,-38.64954523413098,-3.715774147306547,-654.8225611085936,-276.1732371538385,-297.6388130030466,-81.36872131659538,197.17568731986933,64.59403313557254,133.40965810416105,-1.1862142847555788,-548.9793035029054,-257.77738572293447,-125.73579570693391,-165.82433243794912,-3075.685965430538,-1165.8050825636703,-1131.3657096224608,-778.8733836092763,97.66308895554334,45.59334698024122,44.81205388525768,6.899477725140969,-157.10655120481488,-91.39725525417293,-14.256337094615446,-51.81116922092838,145.15398460878964,20.761237509593457,116.45506936959168,7.579467364709899,-746.9200497448899,-213.79620108192034,-346.31027464454996,-187.17178438331553,-2131.1398745107917,-597.3246916141256,-851.1275527835014,-683.0458404780593,-908.7156434247952,-413.05146004999756,-258.9543991553894,-237.06799458429032,-432.5382024098851,-227.5079064018587,-238.46544987069024,33.076943497787624,-5325.127998668754,-951.9485574300395,-2277.9242768590866,-2095.613374744523,-3798.723835193001,-1265.0300253946027,-1670.6894200938884,-863.3626000693605,-392.0301895222974,-148.98602261603605,-127.22115165679566,-116.18122561435416,-1.5540887180295613,205.61966714344703,-115.83945937759972,-91.6925068487592,-564.8246329738579,-165.50006640416063,-250.5177156364191,-149.16506129815912,-835.7077495822632,-322.10129186442305,-411.8630831892042,-102.10158489353171,-1224.7736697972152,-495.2755878750961,-312.49425139523055,-417.3620408917777,-4680.20304449613,-1709.266407891492,-470.4858400765854,-2500.8090068929514,-918.2173509613842,-341.9479656371391,-282.6800825078492,-293.9475131812817,-1620.594468775392,-522.486202246399,-498.1048939161576,-600.3615829777309,-110.17129313624423,-17.831654126850253,37.83165804035775,-130.52950741464088,-734.7157355553179,-242.59599483288525,-180.75956194214882,-311.7183891451775,-176.39957624768567,-47.348310521088706,-64.1498332638289,-65.2596428276504,-844.0226300995098,-145.90936164320283,-338.87781344290966,-359.5936653782883,141.009236665529,-28.25934763935743,58.091594442841824,110.81877949714976,-158.01320765686137,-111.72892112754494,-56.67288981697379,10.030392922769806,-169.7034911886244,-46.18783938981596,-67.84824856985642,-56.02561359383549,13.87304553042577,15.907507381111373,-23.693986406094382,21.301314190512812,-1003.1393442543911,-263.6137673481164,-425.9519658523436,-313.93182141882744,310.97201156811855,122.96743316697098,74.25492848477825,113.39143955147779,97.39859389985895,34.1096601109698,29.79761187811141,33.13311154587814,461.1558601597292,232.58987090784706,197.7727096353708,30.435069251606365,-310.5490100278878,-129.64852995790693,-122.39809014963635,-58.86060028523548,-2062.573047826638,-840.9474441477321,-732.2984621716539,-489.6853518721398,-1597.5550167987565,-81.59493580041658,-946.5386125052539,-569.7796788579706,-928.0053015797891,-366.0186220952444,-304.6324538655033,-257.71243598395085,-780.6819885924469,-249.44911112905288,-257.60815737350254,-273.9829304547891,-114.04802395095408,-57.14418015116689,3.164028300167047,-60.42608246484656,-2465.6683126973285,-1068.3941293210344,-623.855481089646,-773.7769126515525,-72.43436012233155,-43.17075820819173,-2.6208728073283964,-27.000939471702395,1226.3147143560816,236.80945916256496,863.9041898746146,125.24285495399067,-875.0789336744795,-366.6363518098342,-219.54356800670007,-289.2572242228339,-0.7191617444548228,11.83644396660884,-17.210280781835763,4.296464705885683,-504.80259533798767,-221.64172910123852,-219.42247620018998,-64.09660040145127,-152.28657370988935,-49.28009049313209,-46.36846507251312,-56.99622850913988,177.31626158717143,79.72038974265683,29.00487975406577,68.23278172555843,-151.61576654428882,38.537357464388606,-51.48564948949888,-139.02568488406678,1807.4060379719563,752.6510194898484,525.9412082607759,528.4555998564376,-174.74958676553933,-109.88399525838054,-99.9058617060225,34.68205983397661,-790.9228938902527,-297.733310728212,-299.9858298174504,-193.561963709481,-250.11608990750642,-53.309292643842355,-50.25774339513373,-146.90726423342903,744.0166563493656,375.42468343646624,47.80109493191071,320.43266761608413,48.82160725988933,23.877849882429018,13.818124454947565,10.767422557615191,-98.52890690876393,24.31148097636219,-36.36633979134126,-86.83225845867469,-1041.583532724416,-393.66827143503656,-331.56699472301625,-316.7064769312526,-2950.096181212937,-868.3927292643677,-1502.619342556981,-579.4423197564934,2.343758680720839,-1.5413285103552425,4.289869353281119,-0.7629925270982767,215.5278955270095,89.58774447389078,51.099290876826444,74.48264981140142,-1905.5382577888947,-528.4388421815897,-857.6970904255245,-519.7605355466735,-4190.901441098585,-1096.3500316674697,-1865.6946992567202,-1229.2149205392977,-835.1351017600532,-217.41852585089623,-315.36018178797667,-302.7146044860665,-244.53311128187397,-32.14603661997671,-179.28365661121597,-33.46162841557771,-67.79274208803031,-28.093697892462387,-37.510003606490955,-2.547250953963612,-560.6141112909813,-201.27082704006216,-128.89718410213368,-230.80431051367873,-1308.452222807174,-505.4351884825892,-469.2575165407907,-334.11772814867186,-633.4289931773585,-395.951282011378,-157.73601730713426,-80.09990422372539,-877.6120493381734,-212.922891252912,-380.38587561784175,-284.66149283234563,-33.16945388350723,-87.749480776469,36.64535923133349,17.57645729673436,-3127.6339792165345,-948.67390209363,-1945.4643055219096,-233.8539819659345,-194.5591797922848,-21.277334455944356,-7.193706811938455,-166.44634888928476,-191.07224135356068,-97.56346415606913,-64.02253978545991,-29.84444777692488,-716.9458741974286,-202.80476291098284,-281.59704506763865,-232.90227658369872,115.985493341155,50.86420891044554,43.09887020613246,21.66420385969286,0.39011168050024025,-2.043785190004428,-2.218641202545541,4.294327708154242,-8.153564731117058,-6.692993360898754,-6.187557756855995,4.368776021748317,-83.3713771154728,-518.8867429554548,563.1592887144935,-128.00213323940216,36.53165026130523,22.725650243377913,27.026514882350284,-13.578725229310294,-228.25359743679292,-23.32579275363446,-126.09202467868067,-79.19399036937307,-2437.6798839064986,-612.5564833869464,-1065.0994890696809,-760.3821218147593,-60.49586352511278,-34.52236424551006,0.2153945258417025,-26.547104170336524,-907.1401575949096,-189.94717794418557,-487.1653498666544,-230.38584014896696,-7.023278286625327,-11.668153906366797,-2.052939899308967,6.339605154162427,-10.576125130423861,-27.358103538426576,-6.092314833982755,22.51608287709132,-29.90488959622894,-11.500962352459737,-18.583032426220143,-99.93152279182436,-45.62198418720345,-32.52320816591828,-22.14454080359542,-145864.86533271134
37.31013325098138,-25.609788717856645,34.3694753893833,28.059414302729465,-8132.262561486291,-2603.092916219857,-3339.8558748474925,-2189.8048026956367,-18.860175253047828,109.77815031394948,-145.74099429465264,16.611636450955984,-5.305364116682313,-22.463589104198263,-1.5754101632433049,18.24260287402808,-2237.2030920522166,-1356.3709537533466,-372.84206550516774,-508.48110507042156,-372.55702339205027,-101.51509087344357,-117.43536093238163,-154.09760386295898,-26.513757613450025,44.17522081665743,-44.782955921546545,-26.39705478529413,-5385.507404015198,-1377.7442358793135,-2068.919912609872,-1939.3342878027631,-194.46608822261078,-35.41050314513427,-86.14928938080357,-73.39732797339661,303.94412349524316,221.82336025763914,77.9409070821198,3.6888238787712453,-1099.8757618318684,-319.454421819378,-444.58277459073247,-336.3295976984623,-977.9899940112821,-74.48353348099408,-439.61638848078724,-464.3811043262242,-893.9484993148028,-522.1958019804304,60.123548988867924,-432.3672785999556,7.408826677192565,27.103381502465254,-18.033443833633555,-2.152143268362579,-430.47637475745387,-249.4973202699996,-178.9923998517022,-2.4776869124675613,50.53155417307539,17.966794340838305,93.92347920755105,-61.84975165203423,-1122.5445948914673,-585.5064628561549,-191.66107810732774,-345.8680862047288,-3670.0832781517474,-1383.1762049592892,-1359.7797434702304,-927.6183619989381,87.96847465003202,56.98101247685099,44.66797864698174,-14.1715487505287,-156.1094506053264,-104.70701053772723,25.85024196711106,-77.74371431145482,91.87151850102782,33.51333692088929,71.47409680015062,-13.606947496737348,-468.55026325242693,-57.12135019235552,-281.9472100705482,-129.97273526624076,-2356.4207818703353,-702.955813904129,-941.3790445140214,-712.5769557289307,-1068.6181859514452,-556.6360105570313,-153.84952054079486,-358.623687130347,-176.76404731320508,-154.58259044580336,-162.10355036704573,139.43106122292807,-7158.931732517857,-1279.3332899227632,-3106.5010974168945,-2773.5883774549284,-4582.758805883668,-1547.5677788930004,-1878.7093367907457,-1156.972722476654,-677.7562378454772,-269.4226108008147,-211.87330419979753,-196.95135512159254,353.8969470189096,292.27085664511446,53.10711182181103,8.027946275260092,-659.5543702749742,-189.04335981276358,-289.25139997600945,-181.75064276290755,-522.4905417898085,-134.23170051501234,-315.51368829625517,-73.2361852552749,-1021.1847987903313,-407.82231028824845,-225.952029614685,-387.90149116410953,-7393.60250599259,-2723.3493062150656,-1062.7964492515628,-3607.947782802703,-1093.3521002840241,-451.99677753642914,-329.8359563358156,-312.0103986884942,-2528.46430626034,-923.8184201124575,-644.849804386361,-960.2871140382547,-308.97369109618944,-135.84741957226015,-27.30631254425839,-146.3109912563848,-776.4436647288264,-230.29159209638715,-207.35167468731083,-339.2914302218346,-318.8608952327995,-91.53031290823196,-115.0412617472607,-112.78035285401415,-725.532296251265,-192.66321717478013,-206.66978728523077,-326.69032406796805,-23.3787315659431,-117.32646820150376,25.228679488523085,68.22802487030799,-88.60427595885608,-75.59446464596749,-54.328761326577705,40.827917736983636,-143.43609570441663,-52.51756349274115,-50.56268287829084,-40.846881610101036,-37.89281822347243,-16.309432093138184,-43.62913425167767,21.55471584461202,-1125.2654853227916,-303.0943214897775,-469.61843446459307,-353.0437616451429,280.3560738846761,95.00694242628197,70.98572840489669,113.8723707767615,115.82623021136214,31.386479111226663,38.456954743216784,45.49176408018934,385.6413844797778,252.41169878342282,209.88963918233014,-77.15098576271748,-332.93958972481073,-148.52199322997762,-129.6185933766135,-55.290035394933284,-3601.3103094672715,-1447.5480992479672,-1268.2520604134136,-886.0011820826314,-1547.2224425701177,-131.2326501658572,-881.7275303344225,-534.7532943465346,-1202.9851208503849,-466.7092262644985,-433.64780381552737,-303.11912304710245,-809.4578125901796,-313.98146787859355,-234.7709898251137,-261.1963871631915,-359.37429872828307,-174.12910213198143,7.632005121698967,-193.3682339947286,-3300.926438002244,-1335.578314261558,-1013.2434487141475,-952.5957073032594,-51.75918306991116,-30.549825954716198,-1.5109102111582615,-20.18947918076401,395.9456352693661,-50.61053242826961,687.522551780984,-241.45741636008074,-1095.1182991905027,-424.9543214060059,-293.6673139963134,-376.9876960648962,-197.3643351488497,-90.82740988937417,-45.62147338227487,-61.4064841539041,-264.44133635330604,-174.47657575217863,-108.6298041216271,18.174011243778523,-33.42037631457265,-8.48771986886004,-10.8136354912142,-14.610053231236861,227.38402667557887,93.56593166868333,27.904462808541894,105.42259992162735,-225.7466187080572,-8.521893232009461,-63.11000801147679,-154.60574974128963,-312.0543271647059,176.73106923115233,-282.87508534816993,-206.40134332439402,-19.81099787326025,-37.94276367399016,-63.83883429532125,81.4795678193434,-563.4249687425302,-236.03958365562835,-180.10140294433904,-147.7750144192844,-235.37084006053715,-75.77598007084498,-19.521140054497664,-140.56475221192431,801.1717346204691,378.68564752115265,76.23036203185734,345.76469279072217,45.13796114899719,28.536357980544835,11.025179371245258,5.08539152047706,102.91764739173732,75.837156257988,34.06227422553934,-7.472815368498914,-1135.6806820582594,-414.48287461455243,-407.8118442521311,-313.8769954683071,-4232.779072759985,-1399.682186886693,-1962.7040631050252,-870.883855044977,3.097269495820001,-1.8449345638653085,4.8023887787169315,-0.3512169957559763,232.693978863084,117.71775053361102,73.53574351737007,40.94945253539504,-2371.2683612649653,-667.1248507275764,-1081.6606128155106,-622.973929998592,-5121.340915778125,-1251.538483761726,-2365.0326211611255,-1505.2608431319716,-642.9750432902238,-131.89438243561017,-260.0254204938442,-251.54627263749285,-198.58918200286053,-11.183511415263183,-180.60211531893947,-7.29458754538291,-121.95158934110964,-59.8527492606479,-54.46472568096556,-8.125146676220766,-530.0759956981683,-179.68633245250635,-62.71618227605927,-288.1645132463325,-1362.272783861027,-490.2604656436215,-445.7285859024187,-426.77476459170657,-753.0643758343688,-486.7049956378921,-149.35110832216674,-117.4993041510229,-3448.149202564511,-1025.52219378809,-1111.438596623221,-1311.6794444299123,245.4293435586867,34.98482113147884,158.3490818930427,51.604408257424666,-3516.7892721591634,-1040.0332919197233,-1945.4420493356677,-531.8049631805395,-288.41735174662244,-53.53008323766903,-50.10300831140921,-185.27529247425127,-159.8706105657143,-80.93465737275187,-50.171968537870725,-29.2550169318215,-1458.957087924082,-440.42376341912995,-505.1470561797928,-513.877300601873,118.588333492625,53.53244516623886,43.80547978910067,20.759376260572935,8.13314523555232,2.1677560491093573,-3.850538378850615,9.32489528857036,81.8574870415166,20.863886948844993,8.272117749764448,52.230450066182584,-99.69840405468972,-689.8559481240532,742.818372071179,-153.15186027853724,3.701342167505345,21.93146218828724,16.981050712564638,-35.70220301006816,-131.7038492270683,-43.283517614443554,-51.595047251260894,-37.31631663806252,-2604.919052770205,-669.5969331374333,-1032.6142966976915,-903.1988552118003,-43.389423290913555,-27.066389989491654,10.065076286571866,-26.879141864716757,-879.2309609531515,-122.14661419652134,-538.4677389649803,-219.10764006837894,5.687118734156229,-9.276873002369712,4.139983895976229,10.33297556383559,-19.919767729830482,-43.55690714525281,-5.688992289211683,28.835099427918294,-28.33281650699928,-4.208171593818179,-24.370161051541118,-324.0295864951179,-126.29895322949437,-104.427319124306,-93.79434641804119,-195191.4871769182
11.385582085793885,-39.271499199206346,19.82749641046553,30.239779859728515,-8914.315166352397,-2970.324011093192,-3517.961361918643,-2426.6195983553116,465.4984940589611,333.9304169561217,31.947264745919256,99.03100734214013,5.737975659089443,-9.72624081441404,27.2280416952417,-12.353630236555546,-2492.731140492444,-1596.2034117905657,-488.7069763834472,-408.4105573332524,-63.25814978754511,-6.434890091098168,21.059836534504484,-78.47290124576648,-4.960485351919033,69.24610280170441,-47.43376354380325,-27.36262962463934,-5166.14400742542,-1250.5684996955827,-2148.684114197161,-1767.48119854753,-52.28372513541672,0.19159924486348245,-5.984343001072375,-47.08078639401106,351.0552762935122,253.4370283722218,92.8364237078797,4.19201919861689,-1392.5981559578802,-418.80391681144283,-569.8505863547055,-404.53345780651284,-925.9490419937999,-64.49439758172252,-388.6711945085806,-473.3732549183037,235.47774606699056,-101.91105889651863,405.676719255615,-68.8777193069102,20.30788837987575,40.187049510687075,-12.888563927024506,-7.5804022185902795,-53.811469792027765,-181.2237094414811,39.35262238862242,87.46981224602973,67.02949597460997,12.762335143033852,91.3006812830638,-37.62332546628545,-324.5067946982874,-495.9980590683185,294.3051949162583,-123.40373556104078,-3508.7034845785074,-1295.768056233184,-1332.7264444479622,-880.7987889121844,73.26425960984443,43.47037995479286,43.618202002675616,-14.414127362434556,-171.71717796376106,-123.13615455845252,40.727113151383264,-89.89794157152141,200.64956428509674,47.33780200160572,109.89500342074439,42.82695384794033,673.9734917007091,325.62465199010626,88.18191916198498,259.57711553383297,-1126.2581662497562,-407.779991489497,-349.95964673880144,-369.10833303628624,-1165.8934327763975,-593.7265211071167,-191.53201076105051,-381.2247059230633,305.4203945719022,-20.212677970656614,105.68927754345236,219.3539899843023,-7230.349139054458,-1314.1978657502775,-3166.6615052787965,-2750.079573040217,-3748.228642073578,-1369.1958450527875,-1417.4719747502588,-962.1506272854142,-725.2129228925996,-288.6088819877691,-190.94858225481016,-246.24526366483383,914.0391687231803,426.3160132946365,299.03626769804214,188.0970827156841,-693.4047997851299,-170.95909879400642,-346.9440517714695,-176.0914542344467,355.15053543376507,277.1997922034062,-29.1049559444466,106.46589415999506,-114.67842198167227,-31.01951746684267,41.15579364658038,-125.40450317619525,-8111.54997558022,-2981.501003073782,-1353.299897972233,-3777.3388795490173,-706.7937753236326,-265.7607319030046,-230.92117728653693,-210.70167114888636,-1549.2803400163018,-461.4094382147375,-329.99001189731143,-758.4706949190809,64.09097323338574,44.65542046280643,97.48402887696625,-78.63828112118472,-709.7378745083513,-233.90565977045526,-190.89774095933785,-285.52427879333914,-369.23798358538124,-86.72096942257895,-137.4637873946897,-145.64303178290857,-221.41598419319098,-90.7563068966399,49.539409991342154,-180.7888923026885,-12.518748768876776,-109.29090974205997,45.5320464285187,50.650309529855804,55.466267523641136,3.68718387259014,-25.13756063284154,76.32683926910727,119.86961043858696,-12.778833497403411,98.43110660996604,33.62753231121951,-77.62091668957328,-54.96438849793617,-54.8202890660516,31.573955859595117,-1044.072550244642,-261.87244595546554,-433.29866486996275,-349.4912444340184,374.6244946276694,178.35152254740194,64.49846288519757,131.18470418024117,136.0701558525243,28.17659572781281,45.30062399878875,62.00313111111359,1087.5680142410054,590.6369835080191,496.32556005970014,0.015665658475427335,-98.16841723958646,-66.5125965872312,-25.85513257149728,-6.390493095663487,-4761.519063366846,-1778.3425360504737,-1795.7013317034537,-1188.0650006277358,-571.6585468226724,-37.047145911842335,-426.4439146852885,-108.75729124030772,-1336.1737034885225,-518.9479328335299,-478.1456142736388,-339.6699613961671,-573.9781778680726,-241.3696380493343,-103.29152678497371,-229.9068180485533,-276.08242340651555,-150.1127088547637,13.575548469032583,-140.13506803559085,-3502.532810475818,-1312.3159009315548,-1201.839159831032,-988.9675547280169,-19.133059467917747,-7.850126136066365,4.040357265028888,-15.913095611695553,339.2512786009048,126.94816418073151,520.226168984833,-308.5128595794715,-541.7591816488384,-191.72638320222063,-251.58023027352579,-99.04237318788978,-230.81330450658697,-109.3678703822527,-53.62263742931691,-68.412601709809,165.12910250405753,-30.613881059959795,47.93431488055353,147.21886366866238,7.447207048221344,15.73373351271698,8.23061276804333,-17.106944247358115,135.17623733167898,61.19214762535512,17.08130563839154,56.312979053119534,-172.7604377656446,-21.81649475696645,-20.853811868594676,-130.67993615488353,-1091.6418519488022,-86.61147324012404,-677.7270397489633,-327.8931439744765,392.8644494430047,156.53972476653007,100.36490625524357,135.37001340643678,48.334904153693515,-25.047946481701047,114.56833755988237,-41.77529193929422,-85.3350886912533,-45.014123004970315,62.013211212903116,-102.92398191399457,1068.1400814550173,465.8846090458369,212.74994215517063,388.91572523920934,62.60490955862997,24.394703093646967,29.569197635825503,8.05120381434267,423.93501994736016,209.3914703374312,134.7255003983787,79.22824419675953,-976.3431025915395,-370.3247957490403,-356.7685310467707,-249.83958081054016,-4024.380999720628,-1450.4418653773994,-1783.0262645003547,-791.5026748576263,0.8951329372282544,-0.9854398360321284,3.5182511925761446,-2.2274834341269525,279.64525903949004,139.60359298979733,94.70814919538066,44.743711839520984,-2283.7967515934397,-621.350747357809,-1054.8882442200377,-608.1475650303819,-5297.836219592664,-1266.7425366022333,-2507.131715169736,-1524.5517728354723,-29.79717872567926,119.98912048033912,-71.25746772875391,-79.11863649209272,80.08892991191101,35.54399478917367,-18.381101052476424,62.33623116040735,-141.58898216240823,-71.35799713991241,-62.54376120568145,-8.2770288316176,-24.539973522211085,8.870090177948668,104.6425543084465,-138.64242302340654,-414.2391602659925,-3.226580980036715,-132.2645146675011,-279.3378696332693,-305.7786419936342,-352.8695910951328,82.58322992315561,-36.08208583647138,-4020.980432170586,-1113.8212383590237,-1038.9200015703075,-1868.8289972560121,636.9881428634178,196.66752249680724,275.47602517341545,164.2547901783746,-1489.1541051917418,-248.752094338078,-887.5403171039372,-353.45149876451956,-258.566242650965,-45.91817725212445,-40.20004812465595,-173.03782228897444,-133.51594843639987,-79.44932777955546,-22.255226408142335,-32.40119926350826,-1565.9777780823067,-494.8077253275919,-551.462118476705,-520.2977392927992,93.32539121393256,55.28726852581099,36.767927864405465,0.6803898089222002,15.32346791310988,7.819225374271355,-3.84914770309274,10.76358522713008,303.3631163677501,72.31244622071722,98.4763097165062,131.9845554157182,85.27239424603977,-642.3531034806533,775.3570865363824,-48.32139382449941,-19.561064950684795,13.620717133369453,25.472758293142533,-59.24434539199751,300.5600545131688,113.1607973154421,118.8690240892065,67.94042809374491,-1507.5553210708665,-226.97818726793207,-641.0458849360018,-640.1210538817452,-4.130928940375043,-16.434141967209143,2.4433840025342306,9.270024009482313,-394.9458737879743,65.7871474029048,-309.1556430239682,-152.16718318171888,20.64843553471701,-6.6565692754068095,15.016746505742503,11.698453289586269,28.905891533060185,-32.511572577353945,-0.538919297399616,61.366578393021655,-27.31743772613686,0.23286731705888997,-27.845207550597934,-303.6182504857509,-129.62334139101586,-78.71031593358589,-95.8743981759585,-154256.98267849832
11.287159565834827,-48.391530216586716,35.35154309669383,23.585616377583165,-10343.859217161767,-3561.07597221137,-3951.4847841026767,-2832.0399911558343,407.5149421707463,406.71365687408877,126.41730758782865,-126.3575525993258,34.24268806393525,0.09600177144670852,40.725157029483626,-7.320001045153276,-3120.065395729366,-2021.111021277805,-697.5158792247428,-402.18002553499105,42.12579331361371,10.952274501326656,78.53701319751849,-48.10502469339599,54.991114414518734,90.30273053252972,-21.477274902608542,-14.575871523572005,-6166.22645618159,-1493.8215680661513,-2552.11818777194,-2121.028230651669,13.697412445489817,15.030131895029172,21.182552594895242,-23.25680235257596,423.65805140579755,285.8968558271839,111.69669784540224,25.322967425063325,-1752.6309627250064,-528.9836069683424,-706.6041686060146,-517.7847174587887,-810.2682566626015,-61.837987709927575,-363.4913435813619,-385.6804556794648,466.607511488348,-75.39009086130295,552.6929127163417,-11.436840674832638,65.497647510266,46.77778229533055,10.993762509613816,6.984572397170496,0.7803898109418697,-142.15391094603365,14.853891504326157,127.33887894450004,73.92815427841492,7.7035785379282515,88.99928568581572,-23.516240253474052,-134.4287992877612,-316.59774527539184,345.9619950132462,-164.53457933376853,-4060.4434359263087,-1476.9384475028735,-1496.8222711659248,-1087.4242475656808,80.6656514606318,55.88837502526326,41.99145194521998,-17.95570581801644,-223.63769199070543,-150.08292033235648,39.31520210017811,-113.61150406669776,320.1191464831551,66.1331272441671,149.58970976401292,103.6547791668288,1286.7867920212805,515.4908674502606,322.8693976336265,447.6849966292556,-692.0158149763577,-243.89992527213667,-182.97769789031258,-265.8797221220832,-1646.247947249701,-719.9155070843417,-437.2840911537364,-489.789879319786,433.76294763204623,16.5387002087607,101.32913689661495,315.15358021851296,-8119.77883136603,-1520.1705504036365,-3511.8790694287845,-3088.4707418417975,-3928.188225536156,-1516.0463836186543,-1386.0962421060647,-1026.7871301196599,-754.2891848466588,-293.68724169053394,-183.2331943991769,-278.1102790651021,1088.5856393366068,476.23592301193116,403.9747242030679,207.63346181345264,-777.465684338478,-179.42779843976246,-398.64541276507543,-200.1340034417874,544.7992993966087,385.87265911807606,44.4715001241334,113.71360984625085,130.81510201059587,90.72940221879662,113.91803680011958,-74.57386731645806,-9552.398869321047,-3609.2349273992613,-1615.8730421692774,-4328.032430060652,-495.70467584868584,-175.90633023601094,-156.79359066767802,-163.7462852531396,-1257.432332045106,-338.19883360579115,-248.1976698946553,-671.7773588528196,173.24283686070078,71.91385826497685,142.38975599353557,-41.8023077059579,-1074.860057929952,-332.8390250908683,-307.032716947037,-435.7298462001788,-428.65170321716755,-100.16798493330589,-163.80872188899025,-165.4165267030237,-87.48081172259799,-46.790772841732405,122.27701223373674,-163.70858142275097,-100.08296009484138,-137.29099681577986,29.340906686668177,7.125599726117343,129.47097774072472,37.1733872427144,-8.667612055674226,100.22367224554705,261.82024326165754,30.65842027921076,161.0425582400237,69.37773443427386,-105.18903322162441,-76.70049660886275,-63.48712680350377,34.25705988257687,-1125.0511813723585,-303.9503391097676,-464.66231385919286,-357.18005871155515,406.0758733662615,205.73088139777906,81.08411204227377,118.51934961804818,129.53789273279995,17.24541961625414,41.67582933102335,69.87511347736813,1185.1921304757834,684.485087669208,517.1514416480928,-17.185929149652793,-16.099950972644365,-42.85121764232781,9.14694782470815,16.86278853680915,-5889.994679414466,-2066.4800728873734,-2297.317001586406,-1526.9391352488467,-394.1571616972574,3.093610227840145,-369.3603988627915,-28.631903370418286,-1700.4039346056768,-630.950125003521,-655.2169562590627,-414.97838365124767,-489.728047668051,-169.20513554136005,-97.98193579184613,-223.28250664297184,-263.1623605426039,-128.8246059139733,21.991140403775944,-157.07042534055427,-3968.6128821444872,-1485.0593465844229,-1355.7665011173688,-1128.528564750822,-22.4749102108442,-13.575303388954126,3.259450548466475,-12.900587678521333,180.5189584811037,226.85823362932342,360.03327204300876,-407.1140774993846,-398.62124298903564,-94.41763958016554,-267.4936411860708,-37.451492530949736,-248.68664057767637,-86.11764821348606,-67.93465414894172,-95.37586852339518,501.30081601025654,100.27096517938412,132.88341563822632,267.40490488449734,-28.09491793300913,10.70749488797469,4.033961746029945,-43.57790487516945,184.9084441230168,91.05302975422683,17.296700741584573,75.81718331904676,-81.00362618865552,15.225481865248184,18.90762271009862,-115.87826107215119,-2055.37515398945,-310.3629705758617,-1038.4955845943493,-707.2581291274046,574.660321670282,199.05393412736544,180.93349207866675,193.93136515610115,53.19760833183386,-15.13842705167599,123.58747829637082,-55.99297322101802,135.69191359220258,27.78481148697051,151.64926941679505,-44.48369761971912,1178.38581901658,542.8093664617401,229.9462625864453,404.888659660248,91.5369634559056,46.82240275819572,21.6856410211235,22.28738936842001,667.0980860133428,301.1850728563518,216.55480973110298,148.6166731177443,-1090.5201450571724,-447.21875905268985,-397.26889709530906,-246.77401921732508,-3861.516542710321,-1459.1045916261257,-1633.136062089912,-770.0174193023909,1.4124544921478446,-1.2125624906359462,3.4164302029753344,-1.5329435283558723,304.72411138965754,167.0329010755538,103.20507427520329,33.74460573075953,-2465.3546425952873,-652.4184755954448,-1135.3641856791926,-678.3135116287876,-6194.225310039025,-1446.4720809242706,-2949.244001974641,-1799.2507574482504,142.57819786147456,186.46363655756045,-2.6669569561299795,-41.96001204813797,236.59570635920886,78.63465793642354,74.02314341829697,83.19637469633108,-184.43891890918826,-91.99589920489939,-78.75587958943515,-14.428670423002586,390.81852670973103,155.77898797583634,302.8889035230467,-68.5908950972946,156.42074841222734,236.09174497260358,92.58632246326215,-172.99884933179965,-225.90254102682388,-290.1270410446007,101.62551105987563,-38.14254135025635,-5127.252184148593,-1409.464309027089,-1356.1412791122787,-2362.3881263173525,720.341282065401,246.17053662886326,313.3449018814249,160.08431324694266,-565.6288557512128,87.43405031392035,-399.51082029959275,-254.29361607366673,-292.8795782776335,-54.22954181389787,-56.3715059141723,-183.02006085771586,-160.64097129076345,-108.8388813678082,-20.519086552969384,-32.0245336781345,-1710.7492230972318,-562.8544691730935,-561.4670408007833,-587.1692434315039,116.28414368957237,58.40379379281899,46.258586651483256,10.880232937131268,20.691833116038197,14.38058358326839,-5.558585305268707,11.128304529884417,441.4130211443313,103.27509640750372,133.58872646780014,203.80766796087858,-62.71125114198662,-672.357027220457,644.9165720910578,-36.01232632074493,-25.517366081736327,17.79267408494252,22.328123999538548,-66.3796944743599,406.48257038781287,143.11861399334452,159.85704624234404,102.76537984397714,-1235.4496152535537,-49.55365745498125,-544.5343863051773,-642.1031018015483,7.114984322827922,-8.863538026131891,4.761015605300145,10.475976435489201,-214.3288496676514,134.6665714367432,-262.5795337008092,-87.1574177117418,10.208047089972524,-10.285139664166763,11.359306022272449,8.392350423726839,124.28625387706961,10.00685875165459,23.27361525002607,90.26424956725236,-37.60871749239459,-10.075985403122331,-27.903497243351012,-207.66332529062743,-96.25615446267534,-40.96342232138727,-71.18527881471664,-163052.86746765458
-12.257872877789396,-60.97019876278455,23.897712822226822,23.862086870062058,-12924.221575015594,-4462.900905801622,-4979.423881212122,-3482.849314194549,-524.8324408682979,133.43749653342047,-116.39494868973657,-542.8275149047113,-269.2755624811632,-70.79353519223514,-26.683795308597155,-172.75075817305287,-4770.329341278907,-2879.4693635459907,-1215.1838918964002,-676.6286120292432,-103.25146582415232,-43.287349705165525,26.979839996294004,-87.89648230802072,75.38788129889099,105.9745839891882,2.2123624672005917,-33.75159135023546,-8023.711240572852,-1835.3356616949752,-3243.5079393376845,-2945.8201657329028,-198.28054979979447,-31.027259999223133,-96.80809879494768,-71.39771719833175,337.1298176579129,268.15340265415125,84.04657303085287,-16.022684219806706,-2296.479191014915,-696.6262039597846,-920.3296514237661,-680.4758618240735,-992.2068565158013,-89.11941483285591,-449.2000555733068,-454.8399123023528,10.617208599208652,-192.81212879387022,407.70253535933387,-205.22572415897002,45.04622813881065,30.31046978291147,10.784358685827101,2.9988734773519354,-581.5073529867486,-286.82661614287645,-292.59759650665933,-3.035666529920263,168.82510719528375,32.87485316112907,125.0011787646356,9.996549076806787,-1011.6432706249955,-620.2958300819482,-87.83299703065609,-304.46696970511334,-5209.69601347314,-1878.415302961272,-1901.8187051421648,-1430.4145315624294,67.6880031952287,81.29709838322356,38.179481128476255,-52.74110250920967,-351.53617264389345,-186.52593940757174,-5.519731477971618,-160.44302795108706,340.0576512393991,84.38755687484263,141.52372257341744,113.19384559842933,1365.6079327541675,536.7784290281414,371.66603614008307,456.2109413932369,-1123.75297176374,-409.9543256814575,-300.42638951096274,-414.3247827640746,-2519.597415488006,-950.6273342338825,-834.1225464899144,-735.8000609569226,439.34342322928626,-2.765681149351849,91.01740524477236,350.13917294115095,-10041.643768655611,-1920.2797521982181,-4330.507323907634,-3791.809218742518,-5086.932350165597,-1854.599575443591,-1940.989408916829,-1292.2958919979549,-1000.1879153897714,-370.901460210207,-261.7760720432566,-368.46290932902616,1133.4839465091263,498.14338748068633,410.0083806071839,224.37965222854677,-1016.6561183776346,-249.4698566567895,-521.7824783002925,-246.35630961326797,538.327655642609,353.69606614651684,50.28453077083009,133.39453253254237,113.2599676777445,83.35597251233207,119.07160554855272,-90.12013657585453,-12210.098627791236,-4582.555491600028,-1979.1775493567104,-5649.318113027191,-393.2507541281582,-73.26883220151876,-120.55626185721212,-200.37818626213857,-1912.330545725332,-580.6645285617071,-435.6753941231591,-896.9431492331753,-82.38220319574702,-77.91837061546084,90.13499793700362,-95.55135671000312,-1669.4400508511692,-516.3631617081262,-520.8160651025362,-633.2133502332065,-641.3441495361774,-194.17774023450897,-212.61955421022776,-235.49938128416102,-162.8589875983148,-103.92589859321379,134.41311874083476,-194.2987339386466,-92.13132158365602,-147.99898964699696,52.055700896611825,2.859440974012614,102.14533252558158,16.69481709989509,-19.155823101527858,103.65381233450512,202.54902862854033,20.073219636155955,115.86180847881838,65.661474320857,-162.53100661312442,-88.87497050329739,-112.29553349996172,37.68697119740614,-1419.0874486145783,-396.80626272392215,-588.6495015158207,-434.58421056755924,353.9056947797536,209.3226121922504,58.76316878157809,84.86738761320362,114.15620896266819,4.61254827267021,40.768805716011684,67.82232878126638,1095.8956269137252,652.4139212029721,546.6879974218975,-104.15881790384697,-1.2442652905720024,-37.74404824234898,-19.323596237444463,54.87085299648561,-8386.348709421753,-2759.2392057590705,-3338.583483569031,-2289.478546286382,-1192.715877254843,-153.57992356166233,-737.0353017316113,-303.0531781542368,-2214.4851276681256,-798.1300422274128,-841.0599367674333,-576.2476748660129,-769.9920696046051,-247.2635107092185,-175.86940175584277,-347.8116833322406,-255.56076425860851,-125.58303000883234,6.116709391097174,-137.04696983358963,-4983.769927456886,-1936.6568677980024,-1624.9544517753623,-1423.1111340762197,-50.98149879576681,-28.67639089295176,-1.040999130211958,-22.21663496533961,-130.2960738297602,184.10429953086498,256.1324889752485,-571.4853885286134,-622.9892036317333,-206.45228283027836,-365.0356641083754,-52.45378288579877,-368.2522862807391,-156.90668757782805,-87.11911557921121,-125.17900931641202,153.50214248252564,28.14023629921735,-81.02806841049028,205.43744840107388,-211.00686527739504,-33.72051947217619,-72.4339323656227,-105.80493963232243,149.3224505861283,68.94792893759791,6.049814465365216,73.37218099044208,-137.78137800101467,2.7127701582405734,22.794948610457595,-164.24162296243162,-2662.9204549949063,-560.8322448753079,-1271.7475452904735,-831.2931910218945,561.0004975881608,190.6490274119219,154.87751264996336,214.52143133355946,102.17072842604443,-30.706771647923006,197.1529825786239,-65.22800869738262,73.79304354250007,-13.92122995024829,155.20778253978483,-68.44603523976411,1056.114631384798,612.5829569610174,126.89108430574902,315.6880639253093,91.58361588625871,51.98104867569259,32.01452072817142,6.635520289659553,616.1597939385182,259.89961598458285,198.72500156646174,156.5826501947647,-1655.296920409641,-645.2946179910391,-654.9551188432886,-355.99970976803115,-4843.769040932495,-1845.8739142871575,-1976.2845302472967,-1022.5631225907439,1.7705233387064254,-2.5619066839465177,4.799382340261445,-1.4194785103447884,251.06882727747427,172.95336141073358,83.15205304794426,-5.989113373915188,-3134.693665136263,-811.5806183580364,-1449.5093307644959,-874.5562422064329,-8168.846794478645,-1886.1010130787888,-3920.785123973412,-2362.913183619138,-77.82443977931325,100.52708876795464,-101.67371141580475,-77.6303433242083,209.99623388565453,64.41616577530317,86.23055313810346,58.39698877952287,-222.5072144124049,-106.06176125923935,-99.20843120675022,-18.189548139125236,361.1284720227077,236.46734076496102,235.91621017495345,-112.2076051099175,-74.10638205785085,103.52863047866185,95.06886880131651,-273.6564075305598,-724.1626838264531,-543.152682139457,15.030552945564295,-196.9930808252841,-6514.469189179754,-1824.594413775348,-1764.7681680571861,-2926.0591335399467,494.06441048171075,161.51500328205384,207.82586731334163,123.77101369357251,-1023.9978233748827,4.8225432082522275,-701.6940967536596,-328.07879602220146,-483.37458931547576,-104.7220179075548,-87.48236332126407,-292.1227342793816,-274.77066356780415,-168.97100654210726,-59.699716587206694,-47.05246663120579,-2106.3679671295577,-763.1390704261266,-707.1278803030705,-637.0535425930789,117.85549009056444,59.31209538426174,43.10514574919739,14.485722764408365,12.53699533512281,7.403680293399248,-5.841348027839331,10.022136876837521,566.9041309604326,123.48054121575024,170.8690528539305,271.6020106980378,-575.1975815666133,-864.3292400797425,392.4604105262956,-104.28127820588702,-33.329101433772166,12.445787655887443,30.465329025934807,-77.19274430830046,350.19417533535227,119.97784438325994,96.43168478974849,132.83211996962314,-1807.1388798452797,-210.66241971392333,-805.4011460963607,-792.0278402277117,-35.9058746598123,-31.681602005548257,-1.6491007907197854,-3.5276980562839526,-411.9560563466971,88.5192101555399,-301.81732925031633,-199.61046344464853,9.884753008679581,-10.907017543170241,14.336053890528092,5.503190468616594,162.2395447895642,50.20221044666482,37.232110465983396,73.85269768421745,-74.2183814089592,-17.914232882129227,-56.78041162319755,-104.17595626666116,-22.090944423513974,-16.57738120956583,-66.46015682629695,-238491.60578990687
-11.359532616055048,-84.9458235085931,44.439747166912184,27.965742230762544,-17128.349225529524,-5866.095572740324,-6632.552865472396,-4630.88158881164,-2853.93785392514,-565.9846182274912,-829.7976658379116,-1459.3363713546212,-659.710306544288,-199.4831790888686,-151.75708469215374,-309.65084425814166,-7231.257759356146,-3995.476724986873,-1909.3943422836671,-1327.5674935804811,-415.33564765873757,-194.23763365611353,-60.97640387222782,-161.3024116252884,-24.323192071789208,64.81733865435649,-31.80257330764357,-58.51875891339159,-11326.761809217243,-2620.8343351478607,-4407.720019640442,-4299.388255923822,-530.8783447868962,-153.2914891086573,-224.0868040454859,-154.68085312761082,343.93492721163284,310.74176737442383,92.81980134633886,-60.80744300399033,-2904.452025249928,-863.75563792239,-1179.8624102212086,-862.014778601181,-1426.7102670395554,-184.1307690762053,-590.3191200645454,-653.441179393674,-1446.8635250110794,-686.3749979381669,12.972101520661909,-774.641430088443,-52.03499803371824,33.39620738716076,-49.80504800846393,-36.80695890728748,-1503.4841039893415,-579.3343398609541,-701.5777077937414,-223.75285782950505,-32.93352685270702,9.153471900997374,73.45093764147578,-116.71873789004371,-3215.6822826365205,-1417.9394057077373,-929.4787152868832,-869.4449631367804,-7426.19939069771,-2605.4680736076552,-2699.078340720076,-2122.83377786486,52.57488152645851,67.43953294227504,44.58014564141308,-60.62559855212271,-613.6134248518981,-301.8580580335538,-85.63248805951343,-227.303680253734,134.97124756906305,73.88326494256148,85.69531796583692,-25.788136834199804,232.15516180310533,234.5753714202143,-72.20550443867569,68.60449332672033,-3123.3617873964495,-974.7849643937031,-1092.637456254832,-1057.1201682428234,-4073.0736214949584,-1535.5434222236242,-1402.5318742410238,-1136.179126525188,-124.93639140889536,-287.73256256906575,-114.42775836462124,276.04312802991785,-13377.324739030715,-2618.324840376582,-5805.872557390007,-4954.308142759029,-8089.327829811239,-2722.611736915571,-3272.7067322833163,-2095.190162107293,-1468.6851402281516,-597.4732446595376,-388.9116057883732,-483.4810912751159,738.0571312093474,527.4705390253248,142.4560432860212,66.94974740312841,-1315.6333168745398,-328.28649386844063,-678.349151762329,-310.1784727386273,-643.6302384366115,-129.2102677721955,-385.87842447214825,-129.7223476871361,-894.234007608112,-277.66967229031934,-256.7380852773381,-361.0070515353134,-16356.130257692757,-6072.301208624902,-2590.5240614189834,-7694.485789143738,-1154.4891866453602,-442.99413843496177,-310.3482059864409,-402.32764371881854,-4317.615072494456,-1556.8392659618187,-1046.1459131079375,-1715.8106949195742,-671.2092916500526,-396.20509724023145,-45.32974370149145,-230.85525220319278,-2574.376077617818,-791.6103708306339,-782.7957035452155,-1001.150804736815,-867.5278679792998,-298.99003884418835,-289.28470689676715,-280.43392373320717,-964.9750132616152,-288.83192413167535,-170.08664592093737,-507.2372447038679,-195.32976772887946,-177.23494974068558,22.553323810516304,-41.82894329358078,3.9206690398989394,-56.035467939519776,-51.831212598584216,110.60654808315212,49.23732105530712,-14.441357117110783,54.802039788334696,7.695836889224438,-356.4801090427791,-144.06519529434854,-203.49688180596127,-10.098833437360554,-1957.0883151686687,-530.055741026764,-787.1453760889895,-641.067999547797,124.33779897625163,143.5406640782312,9.577821448435088,-29.961488045299348,90.11974670796349,-2.9051543484040394,27.28154700208438,64.56255255940641,-875.0617384353011,25.49128947246959,-272.36909312949933,-629.3647362731429,-351.0536000316499,-200.04992753885745,-102.02016601277319,-50.16430797490216,-11341.126339116478,-3692.425770335174,-4519.248117472791,-3130.633252803411,-3117.6861617433788,-392.4986685334875,-1757.7069126939393,-968.6613820107643,-2998.9158372501333,-1062.0610134610058,-1146.4969749580548,-791.5386503259615,-1583.4263229303958,-549.4104237338233,-450.1254545501017,-585.0712461413232,-458.88074516248344,-197.30790054596696,-57.1846066723042,-205.569039439084,-6809.959951890284,-2573.037478718098,-2145.506466642405,-2092.596808024635,-113.03976139631959,-51.994612696252716,-10.825503317637185,-51.40044687731552,-1653.1817050007996,-356.29231837313864,-74.09159446003719,-1223.9785936625233,-1512.4693542430266,-545.9764636297509,-590.2090924088209,-377.464599699324,-593.6629129341927,-250.25136414879557,-150.6132668385219,-193.97908344173584,-667.3989697174202,-265.3607546747917,-397.9326763285394,-5.286340208963566,-386.96968170363357,-72.48669502209304,-131.20753723995676,-184.45625093647027,95.88645172063684,32.718120102073954,1.9069995185050175,60.08053060518023,-429.10727721296576,-51.81734360231553,-43.166406362386624,-335.3043287431344,-4982.235728770853,-1106.4237900561036,-2220.4032552993986,-1656.58948491025,258.877461950701,63.26591706518434,54.21345463511466,140.21728875554277,-736.2070393866622,-286.7048641302458,-165.3811957389314,-285.3017810123697,-247.31059231389213,-100.45062036612217,38.04012073373315,-186.0808941763853,598.9304601461624,443.2486842906786,-24.24976142419655,178.75073578479805,64.16764029345745,48.09126222107534,15.862062462893618,-0.9664858853993792,491.55519221608233,254.63114054308164,143.7606321933713,91.98261798476892,-2527.733472315732,-1009.4133508148709,-921.3364461425597,-598.1644768531735,-7601.707362780712,-2681.617593505226,-3210.47258082768,-1710.7979899426675,3.982012086851455,-2.971363936526359,8.446942071778267,-2.6743675432887812,237.3148953171443,177.66150545369476,54.714951609559876,3.757636759032721,-4224.990701791417,-1096.044911663547,-1927.3478462381343,-1202.7787453845933,-10912.552347161893,-2557.237818570092,-5194.717909069952,-3161.7774210166926,-1068.519026323712,-209.9589815882398,-444.0788809666017,-415.66196526376507,15.428186022386399,5.912773305245992,-19.398053050780163,27.732664273037244,-282.48385970917,-126.85843759369823,-131.81149558931156,-24.994728021024002,-436.12120563940834,-25.761131286647014,-2.0299667983724703,-409.510909049254,-1100.018042085688,-311.0467714117399,-224.6190626883681,-565.5330094804606,-1872.9598454649451,-1062.3080702637092,-394.5813250650049,-417.2512516311049,-9439.910186976804,-2872.4103123805644,-2823.5457430034094,-3745.1349330876983,-403.8132421023349,-192.07049124441346,5.942114430909214,-218.8656667837356,-3600.9634046238934,-932.3665765076682,-2063.6712795954527,-606.1063500156599,-887.8108271222138,-241.8203511360648,-166.5956414017462,-480.57563607927545,-548.1668744141327,-294.4379117880874,-146.01623119289252,-108.89353292802366,-3385.2855135943473,-1195.6450651758876,-1177.4191225376205,-1013.4021273757041,88.47427099820175,75.17204168267608,22.13327795693499,-10.01185013625809,3.8304610740947282,5.144231972725947,-4.901896130007572,2.4073237364996203,418.4081021417677,83.96311292281871,121.64474274874556,211.6194449753316,-1512.6616601363805,-1191.1166653381017,22.32713553734652,-345.05293183050367,-38.71738584271452,5.311287970013154,43.79043214073613,-88.9999074483269,-257.64485730532965,-37.25693610435542,-216.51791331047662,-5.050809385361163,-3767.859193147431,-749.3472284380882,-1625.8351445732799,-1393.85762163093,-136.88622414322208,-88.847397342857,-4.641833566307923,-44.5777947289514,-1017.5508047361034,-76.57816397915781,-577.3538643223576,-364.7995779294665,-3.331756109924072,-20.46969485934551,10.85858358460564,5.098553669966805,101.39624577451423,36.2644738716474,-0.0982967680231468,64.04926717604167,-108.23810634675942,-33.50721766290303,-75.32128943130056,-375.78174193580253,-107.48308721705826,-79.8396729399467,-189.6397832736668,-422984.822938956
-116.42197301539068,-152.5554722524978,33.743283818626196,0.9088202547036417,-24971.093750702035,-8456.624416905883,-9638.662722987709,-6877.288005972169,-5904.669494417675,-1480.8530626186641,-1925.3819179182444,-2499.9159090445455,-1156.3404926198384,-333.16162416559746,-307.6960578127464,-516.9642058052871,-10137.228709333875,-5515.426986066445,-2595.0637755770567,-2028.2193428541398,-720.9484719961531,-288.4003074742593,-134.59305922072895,-299.4365004649778,-101.84824766027191,59.62811694079778,-74.49704258715337,-88.46071717772384,-15027.455564222852,-3566.0459033786865,-5767.861389308569,-5695.029666699397,-783.8048514702757,-203.67384812839464,-338.58534216369344,-243.02705634195968,264.9936732299245,310.13294317219413,80.02552670800037,-126.646191814036,-3672.7672472568356,-1093.1382847805087,-1474.4945556981668,-1106.615801941906,-1994.2892201663924,-287.87121824202586,-839.1875115393896,-868.7118855487622,-3271.1462391808655,-1397.0418662060404,-420.94711236634544,-1454.638655772251,-144.15513824132722,31.064063254167422,-91.67402218727852,-85.02657447199635,-2329.815214710824,-835.7683180039489,-1064.9891333062853,-430.5391585643597,-512.4937585328823,-97.48728993809027,-64.59602954747356,-351.89183421109806,-6798.491863721522,-2694.0310311172834,-2350.272815884081,-1755.669411883959,-10081.74447788057,-3536.473649600841,-3699.0376121995114,-2847.714611243997,-4.858211420855696,62.834388026108854,43.35971723467037,-112.53371184543425,-843.383973413519,-403.7299242093088,-146.26690689559882,-294.8685374724396,-108.77540705660749,69.3900249940682,-45.458534826520236,-134.1882923879307,-836.7178738507746,-66.06261060117481,-509.19363596507947,-262.94302244827395,-5944.548727230774,-1876.125142332564,-2142.131616700908,-1927.7733633611285,-5260.781721893149,-2074.841251632529,-1706.1048165976365,-1481.3170488267876,-655.5680660670157,-541.2162037420192,-368.47802294444796,252.64476545565833,-18757.76394574698,-3690.1042888394722,-8167.80289990254,-6901.33815216878,-12225.688041469728,-3888.829086426461,-5068.913517872585,-3269.426832334556,-1960.3571279725172,-832.4294166244129,-536.6198859972283,-592.7892205146666,153.91975987287128,496.85887005939435,-205.69178736026515,-138.72871799003883,-1691.0266440870075,-439.89201617246135,-826.410658998612,-426.20536407968916,-1825.9248577216702,-657.5010243905147,-836.2921334621153,-333.61309503283474,-2141.301536236336,-751.9368171730202,-581.4803711275765,-809.3657430995024,-22987.418268029152,-8493.611833762125,-3699.7874216518658,-10795.500407778936,-2141.760792629926,-949.1006037781815,-552.8169130361744,-641.3246709793418,-7891.993239059991,-2897.4673306357117,-1951.7339560415555,-3044.2733475464984,-1388.3407158164598,-751.4382579768358,-205.07531989137146,-433.30853311201145,-3356.387275901424,-1104.8733961403807,-1018.7627325544879,-1234.232542370292,-1269.368714456776,-495.52029299842593,-383.33286026087626,-391.9969563612383,-2005.2468371586785,-599.0163643073272,-485.2681789742144,-922.4436890409104,-491.4663748900373,-288.56212904489644,-65.42193688986595,-138.96370411906196,-129.21720902495372,-145.9468571038276,-107.35689342664045,122.60514634176093,-307.7664882829656,-121.03555046774659,-116.69671694050294,-71.51561603848359,-564.1077057880279,-230.91666535087575,-296.87420687860913,-37.79822872235127,-2599.7978784507977,-673.0570072377884,-1076.9826497638935,-851.2396166129042,-107.57278422211698,49.18037236144164,-4.44693649175656,-153.78761525560844,79.55206963532783,-15.979986593876674,28.798879098729458,65.25178196668753,-3173.291654861162,-861.2133686216273,-1073.2210978558003,-1240.3385835475335,-884.2551746196243,-418.252946272142,-262.1238270933493,-205.35979641792073,-15204.48446862764,-5069.962549696487,-5925.758305874444,-4210.2450082205405,-5316.8337278301,-773.8976288319973,-2841.17046805722,-1703.2470261045949,-3741.466085583159,-1321.8625764877331,-1437.823007633401,-983.2618966258385,-2276.9345674726237,-823.9456024485107,-663.7328659444033,-790.7374942434703,-1167.4976183497076,-466.6996347042302,-223.12467308915916,-479.15470572010486,-9369.349989702827,-3415.0892606948983,-3013.10178293455,-2942.64034123714,-190.96671322727366,-100.77055576363114,-17.80918746335692,-73.86836516408835,-4771.094922629265,-1456.896341796952,-744.6325954080078,-2571.0473805881284,-2631.992467045703,-958.0080713929203,-819.3307180082693,-856.1350728082843,-940.0854973878334,-414.9068251911526,-202.6526057395315,-324.00746162090513,-1610.9341221551147,-660.7395342127086,-752.4760786197423,-199.1999044864565,-523.5095046429287,-125.82954491703663,-165.30464879307783,-233.85670609662225,61.267113886928655,10.144575933459691,3.810996577630931,45.83014621204097,-730.9746799744526,-95.83979356275131,-139.28260591947264,-497.3336756560052,-9967.600573048405,-2273.8194243808957,-4297.850479764522,-3397.412064066769,27.70831005048194,-35.71300858745258,-82.76268313574224,144.70260660992085,-1459.424828454031,-544.4177313998807,-448.6659420014155,-467.8225502165301,-592.4039304308208,-228.2107536979811,-53.803111289130584,-311.8714606075041,-147.55120290783043,198.30477330355416,-323.0491123905774,-24.288258984608547,-25.65830573164135,20.230362368857868,-7.434628178437833,-39.93543508586163,410.38309217819733,249.84055216367278,86.26997657839001,72.79116827237317,-3520.049040142596,-1318.4720841101164,-1315.1862663389913,-887.8720848572759,-12291.978142618718,-4082.5292164210023,-5407.587500673131,-2803.3428206883427,5.467058410936488,-4.882398432514265,10.298463675492258,-1.4304019958422032,26.147323250923137,117.24464573993532,8.428788678659657,-101.00750633142479,-5725.590992447892,-1485.9650072355464,-2635.2082328551633,-1605.8991475209411,-14275.032950935765,-3349.074209332971,-6729.550001070122,-4197.890135696399,-2165.0999266612853,-482.9745476799262,-868.0200189026825,-815.5867552424829,-223.47522616981428,-27.923661013034234,-166.58121203090718,-30.45174828966583,-385.9101502028566,-173.25103884910664,-171.0306088304876,-43.109897687041894,-1392.4629967930007,-403.8145012844475,-247.55818146428624,-742.5717092080401,-2754.040351298838,-937.4271928522169,-687.8176115632702,-1130.2769420471438,-3436.213978362016,-1826.2708786347996,-855.6443769769364,-755.7801179140652,-14666.412278717979,-4643.768357622666,-4593.998463137503,-5430.126853121581,-984.5595407971539,-389.11712959772103,-176.67200712114823,-420.251799242119,-7898.991385926874,-2310.22985997654,-4263.076662860249,-1327.166258253915,-1278.7248653602812,-348.62531368013356,-263.5455409103763,-668.0354059335441,-880.4354368774041,-484.5121288836385,-214.64900534804087,-182.755697809514,-5482.91923349161,-1842.9813798274142,-1890.4127318106264,-1751.00651701735,57.082623963887954,69.44756303262034,8.238936762519415,-22.085270995008614,-6.840738365930747,-0.9661407531452824,-7.335461467247569,-0.02053130932381464,192.04105842195963,30.423541817462365,51.46228334176908,108.67383809894613,-2512.524696805318,-1712.598471294032,-229.77187509628243,-571.6357455788009,-106.60678307492071,-4.6241191239382715,13.696861559407807,-117.16092067416707,-992.1562670361693,-329.63094796663813,-550.3381442115863,-113.66857002169672,-6244.122570428954,-1565.3027527258248,-2538.253871960331,-2142.047340906579,-186.5167090359755,-120.62570916280197,-11.93803090148117,-55.43436413549739,-1761.9632999647754,-290.7506870694847,-953.2571465593539,-519.4368614997293,-13.569934903466446,-34.009477726030354,8.129437388182623,10.828710270630836,-9.659138950680472,3.9596742756186813,-57.45393167759835,42.35372328755193,-141.98751230969378,-36.97410695215308,-105.75410293943423,-1107.5531693006349,-300.984139118307,-316.7776762649996,-491.2727490811062,-678082.6019847407
-247.84251429992696,-229.589296483942,-1.8591034966709685,-18.2127463236543,-32899.351706505615,-11312.245546086207,-12551.72559543169,-9037.199196991965,-8531.922003913054,-2295.6752821431564,-2791.918176508326,-3446.147177265905,-1622.2732675091809,-481.5062997576549,-452.011794932974,-690.5738048229118,-12793.52572473909,-6925.317031295834,-3251.3473438503397,-2618.679981597247,-935.9180086924091,-333.8127323785957,-216.97597572566156,-386.94793259253925,-261.08476072297935,30.75042614373183,-145.58177323776317,-148.0720456333379,-18699.49279068311,-4335.610898818949,-7257.989971466607,-7107.71055240196,-1184.703909659738,-289.2706143648554,-508.7346058762969,-388.5173214229276,202.94248983886848,320.7826940732307,61.63340979580789,-181.29224603448847,-4658.259704894065,-1356.1315081745063,-1890.6992721515583,-1413.24755657229,-2712.128492991864,-418.974775048119,-1156.3555868409542,-1138.6167631071428,-4285.975480901383,-1854.9885621909064,-601.2284652761978,-1831.5770854385976,-232.01409621479365,35.82777062314403,-145.67077410138631,-123.98972474089123,-3274.2185204281786,-1195.9344966894516,-1451.4759634514287,-628.6266922916202,-826.2367620074072,-171.71923990984328,-133.76852574636132,-522.5676283555438,-10477.741636746741,-4086.924592011056,-3731.365847871657,-2661.269828868376,-12510.991420141345,-4359.227811481079,-4692.689118103735,-3460.893122560885,-97.6181100643114,44.13782885756336,41.454030040475345,-185.0286009667143,-1133.9012788286025,-517.1142694255761,-220.04808534503672,-398.55755606240564,-478.8440917825467,65.46037069794284,-155.68783542564074,-390.43525905918887,-1427.2227122377142,-164.54610753875568,-736.5602735667533,-527.9349631364926,-8222.497620973403,-2587.726523413494,-2978.887464835173,-2657.7022647291524,-7618.19744818187,-2932.089994641052,-2520.760620852686,-2167.1654646925163,-1186.032573707879,-856.1713123350266,-507.83620217937414,176.15630880215417,-23650.50738709113,-4654.163641014391,-10333.340933029282,-8664.82144505182,-15724.062899989824,-5038.33047930786,-6377.526276079213,-4310.024776607257,-2650.588896974804,-1132.019132485446,-724.4101714549806,-795.9782250387357,-89.41709346283756,517.0518512914006,-401.5543387256089,-206.73323803298558,-2119.5924226548577,-535.8980700496484,-1040.246232559641,-545.2667520498771,-2762.427696539755,-987.4351942223127,-1169.2516011891514,-607.5595331326554,-2867.0039552085373,-1045.115024931498,-843.2065211423326,-980.5010411390051,-30074.054914106135,-11056.067213485976,-4936.566159800711,-14083.240172823782,-2800.776679709448,-1294.08567178835,-709.2398735329416,-799.269766392475,-11075.994040967258,-4128.596804315905,-2728.9189101948086,-4220.296958460896,-1939.220456712758,-1003.8780501075773,-322.04936351710626,-615.1116750923948,-4350.403168111116,-1415.6800414924885,-1448.1167409392617,-1488.4250176836447,-1751.9447701737502,-669.5729707922706,-533.9575573032439,-550.2328740825556,-2784.500621122901,-905.8166039354826,-656.3113841457473,-1224.1912650459933,-808.4533229683193,-438.420018562756,-141.79396611646916,-230.05797029345104,-183.3594662743244,-175.5711766813797,-151.27823197816747,141.6713103809234,-477.075081208086,-183.69623442863417,-183.34604448698292,-111.85143429680079,-864.7073085796449,-353.8426146202228,-437.8985752953788,-74.7847506684243,-3215.2701943660513,-850.8580247687621,-1288.1139296471958,-1078.1168719544396,-450.0956152429576,-71.45482550094425,-63.69471651181357,-316.76470523458624,92.67486699902634,-18.825073255151665,32.011319237486305,77.66998901234047,-5297.508204896132,-1524.5229936797193,-1863.7322744541991,-1911.0715687665804,-1381.7596778446866,-624.1398073047781,-431.5631155846511,-327.8753869596037,-19382.03930799199,-6515.716793768385,-7442.95763855641,-5425.183507671595,-6969.612151236818,-1111.6207547000888,-3667.9735277839527,-2191.8365007570155,-4607.92655313205,-1639.9491529744653,-1745.382368392807,-1224.4136637691602,-2905.35582865199,-1092.7115679872534,-811.352587647744,-1003.1103050213067,-1852.364754464593,-727.8353646903174,-375.024321141934,-751.3237006366958,-12242.231268584446,-4342.430055555386,-4075.3256111275196,-3826.294233905842,-245.73695303805493,-124.47464299871149,-27.717221710038757,-95.36372033367866,-8391.678553334004,-2673.2054854822563,-1542.8379987994374,-4177.453701056692,-3600.4334161603238,-1300.3353370837133,-1107.3098884120207,-1194.6068226689238,-1365.2526861431581,-598.7387836680969,-305.4438642196965,-462.88867025966965,-2322.361372345784,-1001.6719172530381,-962.4466816538268,-360.06140544327627,-651.3328361032147,-164.76593221712278,-203.09513923322447,-285.29039665725213,-44.31143614379698,-24.45119728274244,-8.52033766810223,-13.158533197321958,-1078.4791231870047,-200.43463918838324,-220.49965160733655,-659.3634643956234,-15602.918670165012,-3594.0164985387246,-6801.367559784085,-5209.353243846516,48.72774540004366,-13.081736004571667,-104.7116175797164,164.70246698002154,-1894.615474900764,-660.3512622226378,-615.0864896841686,-620.9963549983136,-881.4185115432813,-338.1344653180447,-97.26799909623014,-447.83467913336904,-713.1219685400729,33.25187667461228,-597.7756208964106,-150.4168563226399,-108.44379806386087,-14.331463165630566,-37.84692249826912,-58.08404440432855,485.33418178075397,297.9225565629474,74.19593316463738,111.39706004885784,-4427.94848810537,-1619.3885094623668,-1672.8999611243396,-1137.4786495230258,-16408.37449751572,-5519.845570977983,-7171.621753715665,-3718.725804826361,-0.13227969964646036,-6.839301013696058,8.23560876486863,-3.3472194551836765,-183.5943296147641,74.76066183837179,-49.108030451434615,-211.0655930060018,-7097.344374416273,-1832.5767519269687,-3247.311542256012,-2019.2747122376115,-17643.163182567554,-4136.405143507099,-8271.471070769678,-5237.105600295019,-2900.4924058261495,-700.3278191177762,-1115.73013320212,-1086.2530855106463,-335.6841681137089,-39.618908628362306,-267.82728939295566,-30.056602096749202,-503.0655412121439,-226.59666003074858,-219.16704613285492,-59.12046705288799,-2070.8868304136013,-671.5388406680343,-430.45118927396084,-970.7154324759497,-3661.5727253604946,-1250.8273087193681,-944.5885864486911,-1467.975462196813,-4923.564406105576,-2614.308992307313,-1246.2769092357296,-1064.7971365668925,-20474.994621543145,-6646.365929372806,-6436.3674570724415,-7394.079867102196,-1773.1268513651014,-673.0134341463513,-464.443388760644,-637.4886604625299,-10673.553693767491,-3165.022220402964,-5592.815766928606,-1917.5343384403147,-1782.4361387478928,-545.9519545147284,-358.4409423198713,-879.8618739176225,-1306.5263634379605,-708.6635947546074,-320.1077282863505,-279.57367240135795,-7589.338946251238,-2468.479784823674,-2635.148070684435,-2487.5297227474657,49.05938371944194,83.45094464417207,2.1943140359001063,-38.404506964946904,-5.511526807664723,-4.274281813515472,-6.595980923583738,3.540103925090307,40.828865505739714,13.623336642250933,-13.748631254749625,39.1355281138874,-3481.407791352307,-2207.764646354257,-496.73642584469053,-778.7253511577139,-203.56564631713877,-17.118989125533062,5.498789290108789,-193.7640784860539,-1588.5104678302648,-562.8150709686277,-832.5137291547687,-195.0002997111626,-8136.724967635889,-2094.7878701709587,-3245.581749278652,-2798.1739801906187,-238.6183118815618,-164.65792385023383,-6.599472345643562,-69.17954769005814,-2298.085926816282,-350.3443407382406,-1212.0796531943977,-737.4805648879978,-9.197072297949944,-42.61329735737445,13.621963989900223,17.975629065217845,-81.1802592613326,-30.87444886856838,-95.71442549031576,43.589983093255796,-160.65251267997928,-32.972263207719834,-128.58956547443177,-1728.4051201110785,-502.85229102244875,-501.70201717335385,-725.6694439196144,-918347.9362927143
-436.35313912232255,-332.8101248011317,-50.50128140582797,-55.241059500064466,-42378.08711034197,-14677.60197988079,-15942.749054917533,-11759.935402128229,-11691.423286043448,-3111.4710169151886,-4052.8084004320044,-4529.343195280926,-2363.459926102595,-688.6043734115153,-687.5465233917762,-989.5083558840308,-15558.06940303062,-8302.108205060591,-3977.5435010381507,-3280.6170235165864,-1273.7983698078276,-452.9459775404571,-305.8592809743857,-517.1924378777387,-434.5382644871968,14.686349308641638,-228.78509352160927,-222.63884685899416,-23395.406330676116,-5420.611773254102,-8980.382631894136,-8996.611252112652,-1704.8296951365448,-403.27469736113835,-707.4278675820701,-596.3264567780398,123.80989991675096,319.32531931004326,27.579949344200713,-225.29469532217126,-5768.421798440455,-1660.3450320015443,-2354.5733161086573,-1755.7027769148892,-3483.1321745974365,-607.3276091344385,-1513.5034225054262,-1364.5004695422874,-5744.822282554724,-2469.066566607119,-893.9765564866336,-2383.978486045674,-351.1034059835663,30.564325702918495,-217.03715248709364,-166.82990578409226,-4496.187114607603,-1580.556323233335,-1946.3791664579646,-971.4509515009861,-1276.8582368554682,-252.57054039971308,-303.0736585539976,-723.4133644864673,-14829.451432337864,-5610.827632288299,-5348.541382685165,-3872.281743949138,-15542.60435786419,-5413.014776868579,-5832.339499333717,-4299.449408246632,-233.7716347943276,-11.344644331026984,26.244867525737845,-250.87118457376664,-1438.902749756933,-637.500763774189,-313.70126844300853,-489.90004412452845,-859.0032736295088,31.04064490171413,-315.02598653597715,-577.217258579944,-2108.458619612973,-334.95046917573063,-1070.0026401572547,-705.704836864642,-11187.643007704328,-3508.306258019864,-4156.679584124556,-3524.856492144696,-10328.130944667986,-3931.966723714155,-3548.8099620209623,-2849.5535855176176,-1871.0370755911906,-1208.852427829316,-774.8358717479698,110.45189740134583,-29684.56166531455,-5890.57585017467,-12947.855449716333,-10848.32969200831,-20512.948296864266,-6507.821603296476,-8368.3649903406,-5638.961029812147,-3444.8930802738105,-1530.4348372847792,-924.6849479280916,-991.9726216456759,-660.0267895428294,478.98504847796823,-749.0958575762054,-392.1153070293374,-2650.275160660005,-664.0690862429774,-1291.071481115009,-697.3339198866875,-4123.211279041534,-1491.3716491833786,-1722.4546730525492,-911.5842833903296,-4088.058812416941,-1531.689871480134,-1206.4142735054108,-1352.153994016044,-38816.97050492373,-14336.018764585224,-6455.942526026444,-18027.208540896754,-3792.1453633421124,-1821.7434379701497,-931.213451692742,-1041.387800263905,-15409.974183406439,-5866.786391713011,-3895.8303808633946,-5649.556737414769,-2719.956249341246,-1388.3881691777126,-465.39956035544355,-868.3678463927765,-5697.006676104588,-1833.1073456614488,-1915.6476923456069,-1950.4509646821582,-2275.1119284734823,-862.6706922745977,-718.2156796432187,-696.4248831403468,-4113.075823327063,-1326.0635945204492,-1036.31173111755,-1752.8998242737382,-1225.3206064065737,-598.9546325789947,-248.48932426224405,-380.0759761500592,-287.6163524838196,-245.17831682890505,-199.3209936498315,154.68363141026362,-755.6228364123369,-279.487961303696,-295.0901950190482,-183.24400667429995,-1140.4940694507197,-479.19032351080364,-556.4829518636161,-107.02012066105272,-3993.181729943459,-1070.6406169985914,-1608.894819316003,-1315.845620213567,-787.3465025210905,-143.03198285600502,-133.54874729947028,-512.9650989503841,93.2761874177479,-23.321993890855083,29.329759820574964,85.06909490331623,-8367.397726949952,-2609.704412015708,-3010.91426079105,-2748.9783807279327,-1890.2467421651033,-832.1442626557123,-570.1686364374702,-490.13316965663057,-23184.054043815784,-7875.323472219455,-8890.904650370318,-6420.025247810789,-9312.394401186846,-1658.146078726216,-4835.526625648858,-2820.921023396342,-5663.394924935081,-2019.8954148672617,-2142.6222353035273,-1503.0766013490427,-3874.8898545096026,-1498.946411777363,-1084.9292078196456,-1293.213561497256,-2428.010994435773,-942.7621227939578,-532.2619161431849,-955.1862820833505,-15424.048462315479,-5416.037201362586,-5173.766645502336,-4836.443942035202,-300.7105608132408,-153.62622169260908,-31.085106450746025,-118.19855925463071,-12540.022738061818,-3919.291761624624,-2551.3021734801514,-6071.628129541805,-4899.604095627207,-1739.4423464309818,-1424.5713836890484,-1737.7896920918704,-1879.101870124913,-820.8151345396936,-406.50975925086277,-653.9763029190176,-3396.8098844153646,-1459.80403125901,-1345.8826526120322,-593.3225271290421,-882.9097596382082,-250.9218601150924,-252.7928939728631,-381.39433213501275,-161.74044135091822,-49.77238797405039,-30.834757651163727,-83.33262231044614,-1555.2407899858797,-297.97469826174074,-364.146678350249,-895.3187399585943,-22179.981990294902,-5088.431374308791,-9672.290654250526,-7421.459288320227,-212.47375167812402,-99.59949526415176,-220.13215592496226,105.0585729263214,-2650.3718301307217,-922.1945317551292,-888.2403365152402,-842.1362884450766,-1261.4324509364885,-489.8009726109399,-186.78238543034377,-587.0484194799319,-1849.0322100673845,-354.8288599097534,-1134.5283873259962,-361.87428941636085,-190.00126112367525,-41.55996351642057,-76.33962165239154,-74.30100253959563,504.48758256704457,334.63146543764685,65.95104700109596,101.70574354363293,-5460.2923244408985,-1934.8648500912448,-2095.9910421754885,-1431.6357587589043,-21711.636707390575,-7238.9059387994375,-9505.19329706448,-4969.7367981113,-3.1177471605569735,-9.74706715350635,7.9455926053765324,-3.5155991971635103,-377.99952924503964,20.231262816495928,-112.13909479479412,-288.2910238513932,-8713.7202529509,-2269.500258701708,-3976.435626514758,-2469.9836943190994,-22040.17715942567,-5250.159640907866,-10215.838054211594,-6576.3787908907825,-3731.480461837731,-877.1310156182446,-1446.0939150710517,-1410.4548577332087,-547.1069985433796,-82.55246346804279,-376.7628118686989,-89.99104979136132,-651.242743852395,-297.0808552136432,-269.6881168087193,-86.67309841475026,-2801.967896764114,-971.8581608123734,-615.3478591268779,-1216.9612034095537,-4946.907021953124,-1698.1626607238006,-1288.6964291812335,-1962.2472586328252,-6732.412230105468,-3535.11257651898,-1761.750117489434,-1437.7488626817833,-28010.19108991171,-9290.896085209311,-8797.349636821611,-9924.144694465358,-2653.3182820817947,-959.7320229275399,-768.6583204616268,-927.1272652774244,-14503.605133364452,-4375.899025470258,-7404.117399155838,-2725.7880353230894,-2382.9520626773965,-753.1659603688254,-497.8662766889056,-1134.1191522043553,-1945.28325271876,-1026.3448178075967,-480.1346072937704,-441.0031542021052,-9966.902820983249,-3231.7393452021624,-3466.482403314083,-3270.8803990516935,-66.92616576022397,52.6115255940781,-27.261448784430513,-94.47556915454447,-12.383418667522392,-10.691082259283348,-8.188368274769573,4.2967052818255524,-115.00324593705841,-6.62181684486427,-62.12675777476784,-48.45399790214287,-4752.265273179024,-2842.760750896524,-819.6352128736053,-1092.0686359936315,-342.927085076868,-54.010440983897524,-4.031909048736452,-287.0840616289372,-2442.356462129277,-835.9788375395681,-1246.9075388260965,-361.6694123482346,-10493.320371483722,-2859.7584713469923,-4104.765485997115,-3530.9957407243155,-312.6118192135036,-192.0756103002152,-34.07960818134575,-88.65592731669403,-2923.4948468151315,-465.74752349644996,-1506.2168615797998,-953.7297883236081,-22.69048480944025,-60.9393743472217,12.616415882290767,23.433147070831183,-242.51624314462993,-80.63880474350162,-187.4943839685161,23.417618982739896,-217.37504309333917,-59.71539372332836,-158.75931266236057,-2580.1066002041234,-763.9034576149145,-779.8964698056566,-1038.505999368265,-1219820.9258719806
-604.6209272604924,-418.6175479147307,-89.41553341606345,-99.25934278893578,-54051.611292471614,-18835.257235566434,-20234.446956565927,-14984.578597198328,-14988.657655579806,-3924.1629331337454,-5351.815148650549,-5715.35107065471,-3194.8892569226973,-898.1428988549412,-979.5253075358876,-1319.892547391146,-19102.594959054033,-10161.200285709652,-4849.640917355652,-4094.4252528479665,-1732.4256134488094,-585.6078741193719,-457.64873544447664,-691.8405007442666,-598.5113134077797,-1.7116403171746697,-310.1065723750694,-289.3645975748625,-29141.37779123834,-6681.803921114391,-11114.9781184833,-11347.26724849996,-2314.790251366964,-560.8573529388214,-974.4607671224223,-782.1436281649717,-140.4192683230758,241.22156877039959,-68.47878966807616,-315.83354428461416,-7200.311857815769,-2077.682808946499,-2906.7438470007355,-2218.5566987276934,-4503.539124172212,-774.2771644855482,-2045.0093700123273,-1686.9240865335921,-7706.802956652716,-3245.255841538663,-1394.9313940927789,-3069.287217880559,-476.4394957176262,33.6351148822157,-281.70157133641374,-231.04453612266525,-5945.110547131441,-1973.796407214614,-2602.1385161737608,-1371.847120602298,-1718.0699872789712,-350.0140836256048,-475.97370883650706,-894.7536916761067,-19470.05167321765,-7069.277974019215,-7305.667356418001,-5097.777839639704,-19323.003004156835,-6729.102842247176,-7227.283228507008,-5369.288430261923,-321.83464721079645,8.70030525129232,12.909253784574048,-346.1157031059299,-1732.5955130342147,-777.8036995138154,-386.5793200515461,-570.8839903282008,-1116.199729025531,15.042014478704914,-424.9304197137883,-708.9828206496766,-2966.4879132441683,-566.3949606869326,-1379.8643454929813,-1022.9001039234274,-14178.451216109752,-4500.208139356774,-5377.026305816189,-4303.888267796156,-13945.436500927777,-5144.542363545844,-5051.608080752127,-3751.9575534891264,-2887.680168782341,-1686.4124795565597,-1216.8951498206509,12.955963735575779,-37444.286146846796,-7447.134606317527,-16264.322706988916,-13735.500330399604,-26086.42570009357,-8188.720893416686,-10695.497442963531,-7204.878860572869,-4422.042567142218,-1979.6967399019265,-1182.6202291580805,-1262.3970949414918,-1361.8593984632914,394.171088685894,-1143.9553536301298,-614.7466303783408,-3310.8383459029365,-846.6911681471124,-1597.3209723775365,-869.4977022374858,-5666.884716576623,-2064.1176550830023,-2332.6853240823457,-1272.7532342705601,-5411.045043203307,-2080.404449078859,-1555.2334503806044,-1778.0786406030263,-49086.75425059882,-18250.124161137228,-8101.834129627264,-22737.46745669355,-4953.210971713677,-2442.010728807035,-1192.4357274616634,-1321.436012304175,-21035.3535597667,-8148.593168903982,-5491.196451836331,-7398.235435885618,-3791.8386750757254,-1923.2054032048406,-733.2871674234793,-1138.01760130661,-7308.11789617806,-2325.7120329765703,-2585.542986833111,-2399.5343732275032,-2928.000427079469,-1119.6210010196066,-934.0631557405197,-876.9877671785573,-5166.220377747593,-1653.2373753107947,-1319.613725845409,-2196.040773450618,-1792.0108885476782,-846.0022082347896,-361.42610381836175,-587.2540733537974,-429.6398419801624,-342.01383563108243,-246.83420843658973,156.53670522833204,-1116.0223514660481,-371.6912968493459,-461.12282965280633,-285.8797218231218,-1430.6630134772797,-572.3003099367379,-707.3383148360406,-153.6958855638038,-4874.207926199,-1372.5899093137898,-1951.630676329746,-1552.6588374147107,-1232.1279037605984,-304.48153148105916,-190.91017135114748,-739.4076977877075,80.2475236661669,-51.348338097972146,33.48465425551967,95.43971064937318,-11862.68804922253,-3880.9485655268472,-4328.131219228138,-3656.279761326832,-2370.33691869018,-1025.279377978128,-739.4743450702249,-608.2546925010804,-27840.07852798026,-9498.056718856422,-10692.002429203529,-7652.690876779649,-12402.816388988389,-2313.3952787509425,-6406.142304705366,-3685.9503023911284,-6945.54837441196,-2475.634380953371,-2611.4392215270327,-1861.1462687908531,-5035.620687724389,-1935.7648691084457,-1439.2875256508112,-1663.2397898243132,-3059.164809196228,-1183.9570722511105,-670.9561836282987,-1206.9230501760724,-19313.973270640872,-6911.969172981397,-6393.133778144741,-6011.541816373911,-363.0481512050419,-191.09833031630433,-35.17359388230898,-139.4477238657264,-17088.647959278333,-5346.551013063363,-3561.4766063043253,-8183.291836769959,-6342.141339294324,-2200.465814472983,-1807.3406447545092,-2337.0063769260714,-2424.2272430645417,-1091.3136633433548,-508.41946996713705,-827.1656066132355,-4430.927968637743,-1891.388095406605,-1759.2051667895223,-783.0062033008865,-1091.6128784108116,-289.5425367296343,-309.2382162666663,-495.50362227382675,-275.0641983091234,-69.877792959197,-61.67001974529467,-146.18788246391637,-1949.9763591651479,-415.5047280093859,-449.3526268988003,-1087.7905011162,-28950.08705607159,-6721.200499516181,-12616.76169802614,-9614.796355388526,-574.9717857542325,-263.59363517445354,-342.1671996099899,28.11755217102177,-3504.97232278253,-1212.2457734387215,-1158.6653605745316,-1136.7326856285351,-1566.5670860512325,-617.0630542438596,-246.7430590541628,-705.4324696124729,-3151.4054024020834,-743.5671267843909,-1736.7339200749536,-673.7758524019928,-254.2743529733109,-68.78957271713784,-84.9527208399611,-103.20355627548975,404.91227931637684,292.01330166224466,18.20671179926717,92.02076899567169,-6746.883107870723,-2325.0842767276463,-2648.3734705398556,-1776.0968574624992,-27910.796714155964,-9217.652455749898,-12282.497745214177,-6413.3180100510535,-10.453898771872446,-12.042308912381031,3.350654961902137,-4.433741680679304,-680.4418850173954,-35.180639173397594,-238.67933945315485,-409.2534032500191,-10778.143538164746,-2820.7733328203394,-4872.782138556931,-3087.2595636466513,-27585.860000749304,-6623.401768720936,-12808.035941788807,-8157.093787098637,-4789.739715695001,-1133.7732801168283,-1901.926686549207,-1756.7112458882877,-806.247023409933,-110.68196126949965,-536.8702444609853,-161.36631453871246,-818.0548608597471,-372.5625369492536,-325.085625416677,-123.0781953530759,-3550.358657894426,-1250.1923491464215,-784.8035714193218,-1518.0342341879298,-6371.950062983755,-2261.8497850587864,-1611.6415590112163,-2501.1302157730415,-8978.817853286995,-4636.455118224961,-2477.0314411154613,-1868.0027908058594,-36366.26631147883,-12182.38258171124,-11574.028596265383,-12612.526630361228,-3769.8401046291274,-1355.3738060584408,-1191.1048566619809,-1226.0329387680583,-19365.659732592045,-5911.339727809473,-9781.988070658743,-3675.0034309830617,-2995.401515647224,-973.6671071227336,-615.4302743804301,-1408.9756310032906,-2544.8818741798596,-1330.4067587570714,-626.3261165860088,-590.8204956960403,-12457.303464229892,-4065.9903783938435,-4242.0454183621305,-4151.93916433314,-158.1337889766403,22.2880375614036,-56.73753393692505,-126.3557894603191,-26.52948000635729,-25.88372946920572,-13.154257978659416,9.837010582263474,-123.87584324969043,9.150413510232056,-69.2541338777769,-66.44361974140202,-6258.724596723572,-3566.433852526342,-1247.19895215079,-1447.763288905722,-470.11656329272523,-96.03127682094828,-18.950851849053834,-357.8059314819627,-3089.1106633332593,-1057.5991153308366,-1589.4129958535857,-444.770049007981,-13417.414052061531,-3703.456269924355,-5268.655775716611,-4447.973503279827,-398.75340644820585,-225.1810709240135,-54.98264700068967,-121.26118538281003,-3760.894495577344,-643.3100624351111,-1900.1126520970336,-1220.143277904462,-38.896697868544834,-72.1615877679717,12.254268175639254,18.33912486460099,-340.8965883492233,-116.77093329548006,-225.32733556488643,-1.469816348020231,-262.2536550935697,-75.51808559406822,-188.0713179291174,-3360.7027834888713,-1012.3415872570247,-994.9946042115919,-1356.0380888794937,-1573245.8999199618
-664.4894095105335,-443.13478235246566,-126.57880875585784,-97.68278220289494,-58167.83784105417,-20254.855643501378,-21831.081653639212,-16084.807507714127,-16025.090374678772,-4050.7686850770096,-5754.827135310353,-6222.401518092076,-3479.5240842521616,-996.8018875345372,-1110.963402292212,-1374.665758226129,-20245.823166261627,-10690.162421410298,-5159.268817147107,-4399.298891504896,-1960.6986804186388,-694.4027690297642,-539.663787240105,-729.5390879495405,-619.3289799973772,-10.008026078761532,-321.51415455244,-290.71376316696296,-31569.975299865895,-7204.209738006349,-12053.151178248381,-12315.521347411915,-2517.4362288666243,-648.2431659766501,-1066.2163401240944,-805.8836865665862,-250.9111837370333,204.79558648607554,-113.56080515988697,-345.0529288638945,-7725.708567313889,-2238.741119934539,-3118.663759118658,-2371.210652061307,-4986.113824082555,-873.5204499420022,-2267.3500496137012,-1848.150288327564,-8541.124747459273,-3577.841242997645,-1574.191845655301,-3391.9986226070396,-565.28455518333,12.48293779777805,-297.7572408096837,-282.9172159721131,-6548.73609394406,-2099.675617704833,-2856.5995682019948,-1595.36787183791,-1926.1031801686238,-377.9507778772836,-581.1172476969164,-969.9421183951251,-20558.469999040237,-7429.787480739881,-7740.585246485262,-5391.004235615769,-21092.59650412115,-7386.971869006148,-7841.905075041038,-5866.626523874687,-386.06825760860875,-5.537920986528206,-1.601116574410753,-381.83618384838815,-1808.284192989345,-793.5665392134863,-431.62682905708516,-585.9977885195769,-1268.0099151869038,21.793357107855627,-512.554779337815,-780.1554567576286,-3574.705254587022,-666.0752290953815,-1577.2092049699797,-1334.3277843222888,-15174.575073119802,-4828.707616322936,-5774.274623239319,-4574.499797358402,-15256.722014402358,-5551.37616978786,-5640.7153521829305,-4067.537456232347,-3139.89031199932,-1837.6757152226076,-1317.0122392331498,11.89067865565903,-40201.96078756008,-7950.596348708456,-17457.808871731602,-14796.462530920815,-28542.834388382704,-8860.98973918699,-11753.291471338467,-7931.4601416582855,-4877.514240568369,-2220.5129327832274,-1298.2776151573214,-1361.630656428544,-1625.7957196595842,322.56264619661465,-1292.700886860838,-658.5644427960983,-3565.711460032374,-899.835095307885,-1730.4190530507674,-938.3642754743748,-6158.300210516692,-2248.6692489657853,-2549.539392417202,-1362.9985329344188,-5834.955798967174,-2244.008006265897,-1680.06990511682,-1913.7848513850947,-52594.30609759646,-19580.484852315138,-8661.744475905338,-24354.98373317663,-5525.759897944862,-2711.1403179759463,-1333.4046667898263,-1484.1218769797604,-23038.223188503707,-8952.026359260992,-6090.586602519285,-7998.517190524114,-4417.141308220026,-2303.918626913538,-888.7767581265914,-1227.3528869805607,-7961.075588407327,-2450.549345780073,-2809.6604224837483,-2703.772783944076,-3043.858943091882,-1174.0215114272467,-959.8452062020399,-912.899189263265,-5535.156169886657,-1744.5788649410422,-1468.148987817781,-2325.3352809285234,-1998.4525321971512,-913.671398193341,-418.69830523452174,-668.9897925700136,-510.8951824073213,-382.01798103881583,-287.48173262466935,155.69756745553627,-1229.790629571283,-392.38601075508245,-520.1727771288022,-320.13880548807947,-1536.072774090994,-602.4689581875682,-763.4222301068978,-173.08854959728728,-5376.333981274778,-1528.6341477728245,-2148.624490728069,-1701.9823065745816,-1407.8036986402783,-339.990604210579,-222.32996037961152,-848.3900978508598,93.55285819701771,-40.6210909554768,34.28876240494378,96.9782229468517,-13412.669039899636,-4386.64332142924,-5026.379441854971,-4002.553240416132,-2499.2991978476202,-1081.849112703773,-787.112073601251,-633.2449753433013,-29392.67471950016,-10056.615923652078,-11318.985295351522,-8019.9804642973495,-14149.831112207095,-2696.1750281843088,-7262.637904522574,-4193.92514330071,-7491.003951029073,-2673.20998108992,-2814.0554658868023,-2006.645467853103,-5560.94477941581,-2109.807837307957,-1640.3793798134868,-1813.6645260950015,-3251.948805199532,-1252.5891611666123,-733.0245861409933,-1269.2420216926328,-20918.63502796329,-7527.661748985757,-6897.208686532899,-6496.671556245235,-396.4121519689131,-200.84184076421184,-38.522123360073465,-159.95515164537824,-18918.17490677709,-5837.677065056337,-4150.497858952332,-8932.906946569163,-6775.627126950362,-2390.088785203521,-1923.6939725881045,-2464.7513329594112,-2674.2584292252614,-1207.7064102775369,-547.5909927910743,-921.8679899572883,-5172.9873014845825,-2179.149551122993,-2001.0824760757698,-995.6622380865381,-1201.4294877358777,-314.8841372758336,-350.0261680595304,-539.426146201283,-361.28895335946413,-82.45842162893564,-83.46313636818422,-198.2743591630799,-2129.2603516656236,-434.0966612423706,-502.9094807954498,-1195.161173428501,-32068.956396336216,-7412.363631289648,-14055.740734631663,-10603.75899421556,-804.9162033468015,-365.06325544624974,-426.01696608755924,-16.742945613636948,-3785.0228357424403,-1341.7956185348373,-1237.278908863573,-1208.8552721447516,-1687.3701914182436,-666.0799804803125,-281.1784112552414,-743.0187634834081,-4147.98059021917,-1072.7556900723682,-2074.313298627978,-1003.8185653195562,-257.13816013863425,-67.04251777220543,-86.01814872000818,-106.98445744714832,285.3453314323982,215.01835218902238,-36.748082773760416,104.16809821649508,-7313.8809412941855,-2478.910296800974,-2902.691442548319,-1935.1861657456195,-30333.690885863412,-9868.236854473384,-13452.150060737917,-7016.210934452735,-13.701924568191544,-14.181806776100757,2.9620004453629463,-5.389082038193237,-838.0607382854846,-66.27546017746317,-301.8773382735858,-472.81490363506146,-11898.929865347467,-3114.352379888486,-5370.801427241338,-3416.683022018282,-29776.530518110743,-7188.630553442067,-13804.20325220427,-8786.603676264922,-5248.614077841892,-1267.8666285718957,-2105.4735202563606,-1878.1808928144121,-898.390025596618,-126.68384033811435,-574.1925258828235,-200.4206231764017,-887.4556475879456,-405.67171785833284,-350.8455923542863,-133.84530117603822,-3769.5180980028044,-1314.162076680245,-847.2416825937701,-1611.0213025294768,-6888.464479949563,-2486.794171383912,-1788.3786930060448,-2616.1985793603517,-9846.455227306298,-5138.977205433578,-2680.040194955538,-2030.3447907179018,-38365.59310713022,-12822.381063032371,-12308.560266963028,-13237.558740935423,-4094.9902288664953,-1441.69596103566,-1319.8853323316978,-1336.3158992999577,-21148.91770011675,-6542.242226279512,-10616.18143961319,-3993.4009980248256,-3234.170940317599,-1068.0359342281838,-642.717569469844,-1526.3244004202572,-2755.297411884926,-1451.8953851663039,-689.4535371167269,-616.8554534026077,-13281.240810447618,-4294.3457237474,-4492.1411532286775,-4497.660897272235,-224.02036727161635,-0.4787292454195722,-84.271619363519,-142.17698246332588,-37.130944670831695,-37.169649692209305,-12.997375909678567,10.129117130358736,-134.5636491976768,1.4880249702534911,-77.6611855440508,-61.29745242457898,-6711.723610120342,-3772.6509538498394,-1349.6889052193849,-1592.2907148518577,-490.7834536248183,-101.6339408555782,-15.686689090465052,-376.36978747946387,-3395.1500155869016,-1176.551770046746,-1742.772931266061,-478.732278074692,-14445.606368344486,-4054.5951172097375,-5607.499818268082,-4786.4183966673945,-466.7040950228502,-253.8599334523135,-65.46460104103676,-150.28652433026286,-4163.187051300761,-722.0797416212545,-2066.2634078594574,-1377.7508656207717,-48.85839486621694,-77.96845026669394,9.353360828439918,16.849730771396253,-426.0150701878604,-138.57488464343533,-240.24323703029836,-50.1039123147375,-268.01355628101965,-70.35837040767433,-199.10866777368597,-3649.9219798880995,-1021.3030731621845,-1088.2509137287318,-1543.274956797872,-1709250.6832059307
-703.181590206638,-461.49506553948186,-135.71239253666545,-108.94809047916169,-60725.85000187926,-21229.151409465598,-22742.620088894222,-16757.052461868036,-16614.439936731498,-4265.204554116825,-5839.9995955239765,-6512.209745439367,-3649.4835706782433,-1028.1284955715848,-1157.8648987015192,-1466.4641347538416,-20995.415499658007,-11067.068382785626,-5390.385887279727,-4540.935187941321,-1919.7451004180655,-670.9276895143626,-491.44457361251943,-760.3467956399372,-604.5189201007122,6.106415049327779,-312.56414907701674,-301.03514442180244,-32054.82670334859,-7288.005795998294,-12273.549022837924,-12496.245842861119,-2598.786030738327,-658.2844843513965,-1074.9826372396967,-868.492867495929,-277.0642641706547,187.39583302460517,-131.60890340224068,-335.8251521416719,-7979.894865376841,-2313.2912375450333,-3251.37712428757,-2418.200461892833,-4939.681473560563,-869.4070611248633,-2223.159018803781,-1850.0893519806139,-8326.674280135441,-3499.0697253588005,-1537.8927399665774,-3292.685773158748,-526.5167653375756,31.4249019291708,-284.99997031383214,-275.9156553015928,-6554.73736255484,-2105.7107919889922,-2835.6511635013594,-1616.3493654131437,-1946.212091983815,-365.03821716597304,-609.0649753433158,-975.0828578232188,-21331.933379551618,-7707.768691129047,-8016.742270059606,-5610.396376711635,-21395.937022658665,-7436.584027297445,-7962.501117089668,-5999.825836620278,-381.91427592853483,5.953514173451595,-0.8860503594178226,-389.95569809127255,-1858.1468389930699,-833.5992504763567,-427.76273584403725,-599.7588110214724,-1180.7089659312062,19.100394666557577,-446.17659008824376,-756.6067288581798,-3351.994413179689,-576.2755458255908,-1517.3995146064224,-1261.2933110962692,-15113.099016924629,-4806.868104739841,-5675.775753048258,-4633.429117485326,-15056.63235297809,-5517.646840113343,-5434.197473381302,-4107.761997832204,-2967.8593951389785,-1759.1119298691917,-1261.5771467919847,49.85572317345941,-41404.93943790589,-8262.191987783975,-17952.662673107516,-15193.058735363105,-28307.78656015804,-8852.279343148057,-11599.830709692604,-7858.650465666396,-5037.06241737579,-2285.3822976294723,-1351.3688107096698,-1403.2852673853638,-1454.749387107455,369.9765326887458,-1208.673658075202,-619.0262200697096,-3635.392703544773,-906.369172623344,-1784.364165458698,-947.6333238113646,-5968.104168363166,-2185.8767181423445,-2476.9631088415053,-1308.2382997280422,-5769.3355277079745,-2244.692403075199,-1660.9386086858838,-1866.6784742955167,-54729.76675514123,-20465.684744371923,-9034.560768106814,-25232.495201011076,-5551.056628901381,-2741.784224811182,-1344.498502673917,-1467.7478597649363,-23280.334007215,-9045.430066664587,-6155.255627941416,-8082.62227095769,-4541.448553572966,-2382.9847073013134,-896.95076477607,-1264.4870398442115,-8199.226857630978,-2582.0149854079273,-2867.826918705977,-2752.3589118656264,-3195.3405557852766,-1233.1658770487136,-1010.429622053123,-954.719015032091,-5425.688912862109,-1740.8495447635567,-1378.419445936862,-2309.3938805103535,-2032.2960713405557,-911.5785199726095,-425.8924516353361,-697.7990580813198,-498.3818904561688,-374.9772262966476,-274.5653348397509,148.18671233161785,-1242.0483889292234,-412.0376605215506,-511.88574458938524,-321.09894216695443,-1578.5149205755904,-615.7427262919452,-792.4917495449931,-173.25440308739667,-5381.880203224297,-1542.7611101626987,-2139.54103645954,-1702.5520149507377,-1431.6678007521366,-346.45718723522214,-224.2326858376041,-863.9518860280716,67.59755252428499,-57.75444084958485,29.68173112160298,92.6963039035827,-13050.699414404167,-4282.726964183722,-4859.806737793315,-3911.1396707758313,-2512.379457628107,-1112.245183987858,-784.6752712672862,-618.4329607216596,-30432.742489503285,-10394.47779849712,-11687.169493282196,-8354.069156072774,-14243.814935406583,-2759.2397787301816,-7284.94368508342,-4202.605429941453,-7842.716927885042,-2777.2261664211937,-2945.1931219021153,-2123.2715979104787,-5661.007219468872,-2169.8475124524166,-1647.5404454089546,-1846.593219956105,-3216.4180290814647,-1224.7560240357213,-744.26210706662,-1250.3738563278187,-21264.014570072894,-7627.517983791057,-7003.364675407192,-6636.105869223227,-386.1914763189616,-203.16610890974653,-37.66926740020085,-148.3300583577568,-19789.831367419007,-6124.917699804905,-4451.626049931691,-9216.261576031167,-6773.14721637205,-2352.6343554760333,-1959.1367232277341,-2464.3500960169513,-2703.5765175433817,-1217.961910311397,-555.5067669470297,-933.0817986335671,-5017.909503399868,-2089.8988780965274,-1993.1324571371658,-937.8521265148859,-1199.9805410087613,-290.416645855699,-355.31737525917106,-557.2204782426461,-341.45872075365264,-83.47931646962024,-80.14372491899644,-180.80963771375627,-2215.8109097206634,-484.43335331409753,-518.0449333309514,-1216.3065814243007,-33617.89040760416,-7791.115042914308,-14765.428845132768,-11064.320477905638,-687.0216038306314,-327.43566064737274,-374.1536006783231,11.59369914644003,-3589.0466649487516,-1298.1499699365015,-1125.9355909688468,-1167.9350623921048,-1691.4474484795721,-656.0357844235721,-291.7588114541579,-746.6268109505447,-4234.227738685732,-1019.1100090364096,-2151.804609079063,-1066.2870789189685,-260.49185139105225,-66.05659623779479,-85.24401367363475,-112.16519982834006,449.02409988299644,300.35923288597803,-0.834974316254602,146.52588296464478,-7407.353282496234,-2529.9373333854574,-2941.405855671761,-1938.9840517877294,-31179.744655726856,-10045.568328995434,-13895.791733837756,-7241.358551242261,-14.826723101927655,-13.97371672699228,1.5179683252370069,-5.34493304890475,-804.168116201492,-21.470091403162314,-315.0339202432217,-470.63806290371645,-12091.045836096931,-3157.034622333753,-5476.083272619395,-3460.90189949241,-30432.98636402917,-7320.8347864915695,-14181.258533001852,-8933.867002884239,-5045.722225470321,-1173.0849125123125,-2050.2481342993597,-1825.363137007412,-867.1174753559883,-115.03247428747477,-553.3454968052508,-201.71346261197482,-879.0554537797072,-402.05931282806023,-348.1254370868901,-131.84466221345178,-3704.1016844275246,-1289.1233022073104,-808.6023117243187,-1609.35002884457,-6684.71386445969,-2387.700224999203,-1666.8616039691294,-2633.125993840098,-9874.117152497354,-5117.277360075454,-2678.320499960998,-2081.493250809591,-40534.82389163453,-13518.650427841985,-13011.362559852516,-14007.78486228854,-4129.53456064415,-1424.4590694895135,-1365.9185210441176,-1342.130928459327,-21188.35255388368,-6509.025668520044,-10559.573134512746,-4122.727709199676,-3297.8776486402685,-1082.4782997567138,-651.9956965088434,-1566.3776107233832,-2853.211818958678,-1517.0730807132302,-701.7974504900444,-637.3152461041047,-13516.105526692536,-4428.459359853715,-4553.288950789597,-4537.33117439789,-237.27072191388356,-1.2167112072659165,-93.23622654186238,-145.79174251339055,-27.247673414669862,-30.95654899035003,-11.408693763633664,12.143610990629668,-6.864029172093979,37.26661610575252,-35.667847954881154,-11.436755671650872,-6878.830675281495,-3840.7008606653226,-1425.0930388860077,-1616.0107340788911,-473.4579293148279,-104.13854469481316,-4.428747285348209,-367.86459568334226,-3170.378991182609,-1120.7803513299912,-1638.718251158832,-413.85434704235854,-14463.905158303443,-4008.749650755447,-5719.2145608469245,-4738.914905049777,-484.98799976179725,-255.51002658414336,-68.61339431989086,-163.83853720651587,-4020.6883031239176,-675.5392471849914,-2000.2336377785193,-1347.8893765091113,-48.43039611994618,-78.63838564091589,12.462684517134448,14.771346655216576,-394.09849185734174,-122.9861580597028,-228.7827434490439,-45.303548697188035,-292.210180660747,-79.08341063755597,-214.61374919752575,-3604.1985109453963,-1006.5387184393287,-1082.1747654934663,-1518.4589853612795,-1740789.9053850647
-777.7782113081287,-520.9614563908658,-133.92403491310233,-126.14514960076372,-67733.86897060221,-23589.782006333113,-25471.66922604784,-18675.670167817763,-19003.51430376306,-4890.711201148021,-6686.204991017097,-7429.85054119452,-4333.461904556887,-1229.8618123335125,-1355.708650361141,-1751.1438714588787,-24063.223553056003,-12554.138047398974,-6261.09292570455,-5251.245009549047,-2316.504723670885,-823.7332573082263,-632.6283176243339,-863.3955783350159,-677.3990305077025,-16.143262155228058,-339.63400938614063,-324.87418856305,-36658.05413652594,-8194.905908235365,-13886.169040292001,-14580.231617595235,-3108.734304348436,-824.182115398469,-1304.780256006842,-983.0243625397586,-413.28622238034586,178.4102691271811,-170.29244821351972,-424.65647289059007,-9049.170583958527,-2595.3558046293174,-3676.3936293725865,-2780.6735795531467,-5523.685921579069,-965.456635685068,-2493.486423687649,-2067.9952918029758,-10404.938475370947,-4288.156348929424,-2049.8354769129646,-4070.199079125189,-618.3240332784903,25.754206831787087,-322.5761712614908,-324.75449844539753,-7887.918914153547,-2482.087406520721,-3437.1226996670694,-1971.9612375623358,-2181.6752709339607,-391.1305215391433,-654.4006600623229,-1139.3965189291118,-24391.145869750795,-8682.300984804891,-9372.825194300893,-6339.272120241622,-24067.453810180912,-8360.602576704376,-9018.58529974919,-6691.51836332396,-392.05174210853284,11.950716140921486,-3.137756102370531,-404.11713174372244,-2206.5811428967354,-967.9722817195413,-562.3323006057967,-679.5289901681365,-1415.1755071347272,13.320054509632428,-566.5939355238493,-865.1540557171104,-4555.794935279029,-843.8504743792421,-1975.03023120798,-1740.1666592883414,-17960.117141074476,-5692.742493333907,-6854.9511934143065,-5415.675883923025,-18635.74226475591,-6622.074423940042,-7095.812578185566,-4921.107692226995,-3692.5535163587483,-2177.3593792370466,-1479.4667262302712,-38.9798404881044,-46081.37614901124,-9194.355353602235,-19990.373189564576,-16899.90003544113,-32413.939935626848,-9945.150392263718,-13530.846015746612,-8941.195957213535,-5835.374874257053,-2636.9461366190353,-1565.797784137664,-1635.8833830970073,-1818.9730721854237,370.2138650174877,-1421.0933932443857,-771.3459735551594,-4125.136733493823,-1031.3856760574533,-2018.293922987001,-1078.7095640459277,-7376.934121731311,-2723.5259317827285,-3032.3187439099083,-1624.3418756353128,-6849.642716679982,-2655.801423505145,-2017.0622212000087,-2180.0315015713713,-61235.42810614279,-22861.49278788728,-10084.430836277586,-28292.756911574477,-6658.577106995595,-3284.9070319240464,-1626.95230861506,-1749.9701960530604,-27346.004390895738,-10687.532482012786,-7171.6521912633025,-9490.072147216268,-5459.87256259167,-2848.731552385374,-1128.5715698807414,-1485.8218699221227,-9710.341320529573,-2984.2915087594,-3452.321354622204,-3276.980886744449,-3558.910626551008,-1378.8978518258766,-1128.0898712069995,-1055.1753331147172,-6211.484995868729,-1966.5908104364369,-1635.5521191764308,-2612.5944958524497,-2151.562112299378,-991.3766330558553,-432.34441836354813,-731.0934904766211,-689.9129248864169,-513.1836822777218,-333.44167328273215,153.4600010775007,-1478.7321554734692,-477.148609263279,-609.4452362125458,-395.3907395942356,-1786.4009599001536,-684.4183071141897,-909.0616894268658,-196.17339295578495,-6042.732475443938,-1722.2912459660245,-2406.7497700704153,-1916.943889004114,-1628.6233120122322,-412.4066968810762,-253.57212783386626,-965.8969168939918,77.2357517190544,-65.0826875186392,30.6978616817712,108.36814795930377,-15842.326534861839,-5235.003413278102,-5939.250544648918,-4671.32500653149,-2817.4206926149445,-1254.955853326847,-852.7523739440126,-712.964894940721,-34348.61356239486,-11700.531993332062,-13149.178068460786,-9502.155930198756,-16716.704727100867,-3164.6482186753537,-8537.410294647352,-5017.898643374529,-9072.247953845534,-3189.018635475034,-3419.2955707036544,-2467.186177263524,-6755.288888465248,-2565.039748620883,-1990.1102040747867,-2203.391365366102,-3645.9832905089615,-1400.5084506707547,-836.0703378168378,-1412.656931618001,-23882.955465970423,-8563.978304273982,-7839.389168127188,-7482.840423165743,-452.51644306358776,-225.9269885723113,-50.18898261282561,-179.65290147512405,-22798.260539801657,-7057.536592362657,-5173.143759641637,-10570.832617394037,-7877.032763476694,-2795.3238795186007,-2253.687825413369,-2831.273488141318,-3081.062618796107,-1416.0967798606332,-627.242761990218,-1040.9755065417974,-5941.280202557664,-2469.518875682512,-2327.285654880592,-1147.7281015911983,-1452.5130826565735,-340.8228011166593,-454.49138101976087,-660.4513301168477,-487.9963974598404,-126.0498773626216,-107.56697966070305,-257.63197003317055,-2640.051474316275,-556.8719086030521,-595.108663467124,-1491.3233318427122,-38113.190087992094,-8857.480798832517,-16840.353676325318,-12418.608042430826,-1018.3064310216407,-456.04699399782453,-473.7249065562153,-91.78696006415771,-4479.835200614867,-1597.378604770325,-1425.4267490549548,-1460.2822763862234,-2015.9659034227477,-738.6618188523237,-398.6553008682008,-881.9012132988557,-4863.958501148271,-1263.8288206257805,-2405.5882851901197,-1197.7938249290366,-272.9760234046089,-69.41574638530597,-82.6781586059833,-124.13454800997124,258.6800624627282,238.91897862361475,-68.96110719773424,85.46976144028736,-8762.463562083332,-3037.7590124794788,-3450.412757551361,-2277.5442216491583,-35331.54099682089,-11389.124379764718,-15733.904435807877,-8211.764610844844,-15.73371171777626,-15.381273906802335,4.242289951329212,-7.847157358967706,-921.4261138260456,-55.01819784361942,-345.750762148238,-523.9095834307154,-13628.123511190175,-3573.021973396597,-6178.214040860004,-3880.139926530138,-33941.893602282056,-8142.155862227236,-15733.128138111062,-10069.86203154018,-6410.941616834519,-1593.6766595283755,-2559.4416388857007,-2261.0757480171333,-1107.8148095218487,-171.16561940208226,-679.4049321535858,-260.49668756282927,-1025.8668638573074,-457.8672981087768,-408.70157089043073,-162.55042445472964,-4370.649972010732,-1495.3335056417575,-992.3930318580258,-1886.175864107572,-8081.5957083634285,-2975.126288002316,-2066.2079953401562,-3043.5138546176477,-11746.51732310021,-6012.578771072082,-3283.7924263054883,-2453.398555319297,-45545.0998060132,-15365.326919262794,-14642.250214226631,-15540.775102120284,-5496.905915855971,-1926.1319552224525,-1824.2622751829933,-1749.7641150472816,-24784.562296987755,-7800.324551579227,-12325.832731185837,-4661.657443819427,-3826.626846807756,-1252.8454204091443,-780.4424481523176,-1796.5914078428962,-3198.4040399385867,-1672.7861575926643,-800.3638153683003,-728.5064965742588,-15321.966222826786,-4989.676550932079,-5221.442149335524,-5114.099952155771,-236.22891399698028,20.037590939344,-112.57431804494468,-146.9446164879355,-47.85841970083197,-43.69751909453271,-12.167002484743762,4.753672281830404,-35.497062982949274,28.62121400875708,-55.340114902986215,-12.030591685338095,-8017.862767341997,-4293.014935292224,-1823.3916239066573,-1904.7086377397666,-539.3057963444762,-110.64475919549136,-16.5073766669193,-415.4060900786742,-3880.9444240981,-1318.8228525335828,-2043.9800309295094,-521.3939702315165,-16802.696336514236,-4699.46387193485,-6574.872407718323,-5531.612486457708,-609.5527724521389,-316.95894178349454,-78.07016234643379,-217.7760979189029,-4775.181962633201,-842.0657347406022,-2344.4370926420397,-1591.9315648471832,-60.58287309966727,-87.17565479894233,9.58011358550334,13.760238517222206,-455.50002765667523,-148.7691500433541,-245.14128781477575,-64.84201939506306,-317.55642540714393,-85.04940101552324,-234.13323918992182,-4148.016258006887,-1119.2123916948487,-1244.5778783336757,-1787.4784175749721,-2004103.5894025248
-808.846662997486,-502.5267558657031,-155.56312703031585,-153.78297051808931,-62353.5877152764,-21802.96549514157,-23309.903578567573,-17243.74483198375,-17451.361644557346,-4591.920906445444,-6142.790019276568,-6719.676909251889,-3924.607073007228,-1111.3136518959589,-1229.7153151526716,-1586.6042963752618,-22234.133529817933,-11623.999204278269,-5790.340372965135,-4822.820142991131,-2158.972553564873,-720.7633834732342,-590.0418719603708,-851.1934885479591,-681.4966660101088,-32.320892525609906,-335.32630226289325,-316.87566163833753,-33739.60274362202,-7606.102894853112,-12833.42297271819,-13303.103066467413,-2935.3288401501986,-745.9454507421785,-1235.0106660591862,-957.3989137654896,-388.8129135016727,169.7642772885887,-158.9481032313413,-402.65527797552045,-8227.9024860135,-2361.9905352052738,-3360.9056992021606,-2508.032442022605,-5122.289288501481,-917.4781309067237,-2332.02159278448,-1875.8157552269151,-9305.279455566626,-3827.4916754114984,-1867.7487462084393,-3613.0652243633085,-553.3613762328944,22.48763925295998,-303.2788553520752,-275.5963505504087,-7502.606974030435,-2351.477672126217,-3220.9348210133976,-1933.2206713074258,-2156.917943542764,-432.75520579091403,-664.3033765361374,-1062.885551632359,-23276.983464705787,-8215.34846939968,-8992.692032444587,-6071.969153278135,-21711.77587914161,-7544.449517246213,-8129.450987076137,-6040.90156523595,-409.4732552522189,-10.697101391283695,-10.393599639490276,-391.4087446380963,-2048.870915124613,-900.8202462206925,-518.9584424344564,-632.1184168862144,-1305.8314137109458,-4.96300548165209,-525.3649244443905,-778.5296742015062,-4059.190639705751,-820.2102260971049,-1782.3835084318773,-1459.6230955933117,-17049.05840197633,-5387.824529962623,-6506.081637229849,-5158.1784252006055,-17383.59543076947,-6240.912246018086,-6503.058088949386,-4642.651286218726,-3422.394427089739,-1967.5336152493303,-1438.1207751528398,-19.76622710428819,-42359.66648405803,-8540.320724348516,-18345.426742268624,-15476.94520785755,-29941.975043421473,-9211.679740463342,-12492.746925833384,-8240.574567541746,-5312.55133007485,-2376.3816838962757,-1458.0387473553244,-1481.157089239916,-1760.640832722447,260.81800718585555,-1292.6486213359956,-731.8364089889853,-3827.331666148346,-978.9215578335909,-1842.2093183990116,-1009.2269803323245,-6713.999489189543,-2504.096345289031,-2704.081141239403,-1508.8481930777787,-6569.974842518288,-2624.402692301336,-1911.072576636903,-2037.5257639966314,-56777.500847981166,-21247.2001361868,-9531.835648130615,-26001.491254080327,-5911.47416444456,-2926.5290706130563,-1440.741209191355,-1547.2300750567426,-25404.46133155434,-9908.185556039929,-6687.216095883601,-8812.085870047438,-4917.434557201341,-2521.4806428722804,-1011.1555288734392,-1387.8245758722212,-9185.34328265934,-2849.1486605630753,-3284.587626572469,-3054.633185940281,-3297.663966541494,-1269.6321980461823,-1058.9143662712538,-972.1435926406591,-6094.247870432531,-1950.6485278827133,-1579.0519489625747,-2567.573584003847,-2123.415994717997,-950.7084566214546,-438.17642176297727,-737.5573067502244,-675.9192045627085,-485.4908837667417,-320.47745391385615,127.0229427013287,-1249.3908362465738,-426.52150695669343,-507.21599893676057,-318.67952076973893,-1684.8006222826696,-636.8096054016214,-856.3053860435714,-194.71182125417522,-5564.726828905619,-1569.917328017825,-2240.9062033308164,-1756.9294879736078,-1506.85281333037,-373.6106482023804,-240.95298902649256,-895.3153665182174,48.50973254014798,-74.39097882300553,23.493306760802852,96.38121418571563,-13985.311947276368,-4570.645750668352,-5246.234331994473,-4171.458055030203,-2673.939233832273,-1147.4095929533685,-817.7130112933637,-711.842820002194,-31245.376286610455,-10730.70137071428,-11883.876381488464,-8633.82472482447,-15252.73747968727,-2988.910984413107,-7763.858722581245,-4502.993963109315,-8452.77889523144,-2991.6853152090916,-3164.760599450433,-2299.3591709886114,-6018.565137824778,-2298.126955734526,-1734.2383896407125,-1989.2259828660979,-3460.5435837210143,-1342.6527128730293,-787.6370177934259,-1333.280043471205,-21840.59947262606,-7775.673931089938,-7226.976949034725,-6840.97478291793,-418.91708234100383,-220.51983524930984,-42.49396988889271,-158.9294676194952,-21728.347715134456,-6799.317635818553,-4941.397463743844,-9990.658805988785,-7443.610194125072,-2664.33538946958,-2053.454447661079,-2728.8465474110217,-2924.089829448857,-1337.6024157751701,-594.1486222262108,-995.3649818640445,-5554.992854731834,-2320.8534120383683,-2193.3330577486677,-1043.8325753614674,-1330.4270747386902,-338.5954355634469,-392.2675063197107,-602.5903232722442,-413.8819029617184,-106.96609033515597,-89.50798085552401,-220.43402218771553,-2432.5940652070594,-532.0348090779796,-543.6300121555748,-1359.9554343901443,-36114.44794156319,-8418.1548232216,-15811.608500474007,-11887.710808284175,-1039.8175865914898,-478.02335379955207,-466.2853775870369,-98.53504562147305,-3967.2838403714495,-1432.19679021059,-1236.5207643748056,-1301.5924762027155,-1934.4086781135213,-727.2680778674121,-403.41502497159604,-806.7517656911668,-4373.105676191986,-1124.1081490425634,-2271.7488797011038,-980.2748378649846,-276.3371397722244,-78.06373104032537,-85.05376785524254,-116.245831293322,153.39196257829485,164.43394543197098,-76.14616634335971,62.0779930731112,-7983.07656676488,-2749.5665867789603,-3200.8914304343407,-2035.6447399682609,-32931.17134887114,-10725.983215567185,-14557.18806447478,-7651.02625924575,-10.668675030488657,-13.322019370152702,3.2906175500070276,-3.663463627025294,-922.1131367754922,-82.25244991852492,-324.1421494836163,-518.7447277899084,-12335.962804898978,-3216.7846937584254,-5590.256308365557,-3531.9479931915766,-31543.563152970837,-7531.100520870191,-14673.349044925228,-9342.139777591823,-5824.53735626673,-1379.628350654052,-2384.1626588576155,-2063.772537171778,-1039.682722819434,-173.79671985141385,-620.486555732519,-248.42563765216573,-932.8397616335726,-414.56767804998185,-373.4746614095179,-147.82361259072354,-4013.7854833892497,-1406.791214207435,-926.6033666121605,-1683.417092986282,-7610.102972161366,-2752.117521934503,-1942.1972157903645,-2918.814424853196,-11076.318763209727,-5623.175262674337,-3135.972136632762,-2320.1975543192984,-43322.14300141389,-14679.328811453306,-13720.907488620718,-14924.932891756343,-4990.760438179834,-1725.7337584919667,-1689.0477483427856,-1579.0051217618504,-22579.377248447927,-7018.510838267065,-11209.211206630102,-4354.681393967395,-3430.4522813693575,-1125.9277902779265,-717.7965675168784,-1589.7541139911743,-3041.3167073514796,-1595.3933771631325,-751.1294456457038,-697.8200749592982,-14298.68025562061,-4683.790933556183,-4930.789540479427,-4687.125972001618,-260.9434754506417,-6.344351148259193,-100.05716703020266,-157.56814768875688,-36.08215090119597,-33.2231607075762,-14.164712450444313,8.27953184018861,-26.277525437638133,35.80230813626736,-53.29060161794564,-11.815422372603507,-7466.875761176555,-4085.5432954081607,-1658.916845826455,-1725.4418103586106,-573.7980364434009,-127.1327641509256,-37.05841650138268,-412.6330462077178,-3611.194622389031,-1235.4301029945134,-1882.5347096483913,-496.25600016264434,-15428.205067075914,-4428.965439912826,-6002.5237678274925,-4999.742049752244,-546.3345875139914,-287.4366979726876,-69.15085204664001,-192.7732279113725,-4354.708931740926,-789.9532890562616,-2153.263831276232,-1414.5180018250815,-58.47096960102681,-83.75366232559986,6.485431698225057,15.771070609782328,-461.3068310298138,-146.40740739821126,-238.5030126674351,-79.42260138070947,-315.11713544729423,-89.43692924820652,-227.19330140739544,-4103.915212363635,-1172.8269964134745,-1235.4440360201427,-1698.6703703466494,-1857502.1912727284
-785.3803983815087,-479.38325286874533,-164.11267313619715,-144.8787200741433,-59570.533648379176,-20753.6931457665,-22335.98022173248,-16483.854528577685,-16735.691939779004,-4392.238391207039,-5890.0593005413075,-6456.3884957281925,-3663.46973321478,-1043.6698951053006,-1158.916812664704,-1463.8772731423803,-21031.352675281836,-11073.433883453927,-5412.405078449681,-4548.507961075818,-2060.9442774784,-698.8444967628416,-566.5892062729647,-798.5048221402442,-663.6209461715819,-19.74219678754389,-337.7509986569796,-309.1219984247432,-31841.332436932113,-7188.460212740511,-12286.355391713301,-12369.511080175962,-2771.547115182838,-706.4194589182669,-1156.203208100763,-911.9186958614089,-351.911383094048,162.29595072763868,-166.58309807583396,-350.618483443405,-7816.866671135723,-2269.571308503423,-3178.978198209091,-2371.3114121207036,-4903.61346549834,-892.7735852207809,-2215.169336326833,-1798.6647916483191,-8498.768301212323,-3478.2969910460424,-1687.0504962074067,-3336.415061656454,-534.8420149583451,27.750697619817174,-290.5747691482534,-275.01219112748527,-7047.468645412085,-2226.6448564219763,-3002.9088571065995,-1820.909179581067,-2150.54951375377,-452.2921009587328,-685.7630735504808,-1015.488586942158,-22115.958225500402,-7804.059459264391,-8478.515963320502,-5836.377050613138,-20963.85347228305,-7322.48984564946,-7812.597560804531,-5831.760313526699,-430.9052993047901,-22.193235486910908,-16.005874263593796,-395.70043725188293,-1945.8356396400648,-875.1755320165892,-480.63866639174057,-593.0156889294349,-1296.960609102806,-17.557510298478974,-523.3206379934797,-759.0767085084087,-3967.155386948275,-805.9223759839035,-1693.3551646229278,-1470.87209403894,-16119.806732785726,-5036.958588144171,-6210.606845177396,-4875.2355471618785,-16336.183839632353,-5806.465273098905,-6153.270568919334,-4379.4422453117795,-3317.800335623031,-1901.5992051880291,-1358.9086937809013,-60.28668435175382,-40627.79702806615,-8160.210608692215,-17619.846983135358,-14850.733683936169,-28922.448885465637,-8911.554620600733,-12043.892544649465,-7969.995967913402,-4997.863046841202,-2228.8824956970093,-1393.7987181272695,-1378.176080714548,-1810.6704647891736,226.5328246511648,-1300.8639417413785,-739.3335953965764,-3644.22124595885,-924.0821158549363,-1771.895696270043,-951.2376815314126,-6465.526042340529,-2372.4302466882955,-2627.484447681808,-1468.6055956680436,-6145.539272314661,-2461.100556248457,-1768.3873583139223,-1919.0456054497956,-53956.16638808981,-20103.10795955299,-9024.123705764945,-24831.92897046938,-5614.979594094837,-2753.2908678506046,-1365.7906384557743,-1498.8923354860174,-23702.90276195308,-9193.516729724211,-6262.919138274768,-8249.461141651678,-4681.897029599792,-2370.946916194149,-964.0571399608118,-1349.887221142388,-8644.06269078366,-2701.473174040132,-3112.4140819778804,-2833.169682463098,-3183.7682658331705,-1207.606279053882,-1022.9110981298552,-956.2451363469925,-5738.736984493304,-1867.4562752661093,-1464.089405536549,-2410.185551388203,-2144.6025945314177,-964.8870044146713,-469.03654699220283,-713.6732908221582,-606.9131464918869,-438.27209928930165,-293.28512331464685,121.64982841454207,-1136.1354479356057,-394.4147073730146,-459.4561137219662,-285.25887453819973,-1606.043696827461,-621.1913968779577,-804.315651058889,-183.53089658826184,-5365.750857433079,-1517.0959487065236,-2149.3111772867505,-1702.3379791373948,-1448.1367114057714,-337.3814281625512,-246.0266162663761,-867.722914674506,45.2739290342322,-69.29797073165787,23.942325624902196,87.63532644340307,-13384.794381798509,-4379.936537204387,-5045.655683945454,-3962.196408346247,-2498.5407780219393,-1097.5997028015756,-759.3908488944758,-644.5444740234907,-29449.878299609423,-10122.106032375928,-11227.709196001812,-8103.057318929378,-14594.881585061677,-2908.6533780547525,-7388.407877315044,-4300.814577389257,-8115.526891867806,-2852.001121421785,-3057.0582011131473,-2209.4618170305166,-5647.440401594737,-2181.833073718988,-1639.1338288260888,-1829.4677467471618,-3332.9525092306294,-1284.1639785918044,-769.7524940077101,-1282.0302843287043,-21122.019298031224,-7518.67073482365,-7034.615003871465,-6571.727807033566,-400.8313697285216,-216.73565600826623,-38.843280893462406,-148.24668052443758,-20509.44528936903,-6443.952135747241,-4624.063994981101,-9444.423406338332,-7167.1727766762115,-2544.144100375205,-1969.6104026685346,-2656.412521330032,-2801.7757197539922,-1289.8729519600317,-573.7442224587337,-941.1527930327495,-5255.629685914319,-2196.656219837225,-2057.10173821642,-1004.8659755583037,-1251.4864095608934,-311.8744811362617,-377.6358124216986,-564.9703637005928,-375.5411447246079,-111.01228932122831,-77.41635289875694,-190.10675020225335,-2278.265654820062,-514.65502933275,-527.0667275094168,-1239.5381456754856,-34004.454990001934,-7923.135320678065,-14869.39837717397,-11214.915539847436,-1024.1881525013612,-462.1216889912623,-455.4442329385813,-109.61647826903845,-3753.4348006675973,-1366.4555090239098,-1164.2047943565033,-1225.7687449847842,-1873.591462994815,-714.2010824118438,-396.486187593297,-765.898440687278,-4346.576562965636,-1155.1375394089644,-2230.3327637142547,-964.1005075400346,-302.8336381884392,-88.86833880162658,-89.73444109162074,-127.22510599280872,151.67827733965532,140.92815188560303,-59.25036002815182,67.00623778467343,-7487.633774514338,-2539.463402742974,-3028.204289752831,-1922.9603297161545,-31796.183318798227,-10360.974205018048,-14040.551493728328,-7397.651867749287,-9.793906574668654,-11.753239224827894,2.010150073980185,-3.0450651214562185,-914.5880927223368,-74.0693372685098,-320.52995915668,-522.9830439946538,-11922.13838943335,-3132.990500483943,-5393.172482669045,-3398.9696539778824,-30324.21847513601,-7251.779145932113,-14074.687145758278,-9000.74643114301,-5208.296044382546,-1203.44764973633,-2162.946576556362,-1844.896065787522,-1010.2915435230432,-159.67924095200988,-621.2243166886676,-232.3822335799773,-844.6592771332857,-377.0443319428505,-342.1423878655753,-128.4668050224625,-3782.84806263073,-1337.190699681488,-861.2428782305508,-1587.4087324162667,-7279.841605923572,-2652.764899800137,-1846.4140577659361,-2783.6568960551704,-10634.14949476907,-5419.850594709432,-3008.927001807957,-2208.366145949325,-41055.58715988208,-13881.636621959222,-12993.671744802425,-14183.273040817863,-4734.593862841814,-1623.4712885294518,-1605.1899187740262,-1508.9269032360542,-21465.93875643501,-6624.113914844548,-10596.069273828,-4248.749815460045,-3304.8281478026247,-1091.4128916873863,-670.5320190311656,-1545.8774847816442,-2973.231894316118,-1542.885910080274,-731.9509742430189,-701.3892576904307,-13647.936560527676,-4400.464936442208,-4731.272033107453,-4519.193838675551,-285.07923453135686,-28.57439734442096,-103.71344863293302,-155.78563625153492,-30.062079967143973,-30.916293172591168,-14.08417492877652,11.94414043663869,-78.56029935266088,24.224090389977846,-70.30387869734636,-35.47475874288489,-6850.737463201434,-3850.765990452697,-1378.7811720412976,-1624.184548405053,-535.6070097970678,-109.06221740366823,-39.39435946095955,-390.14468063002096,-3494.182213611427,-1216.1835676822895,-1805.0723246368245,-475.9205689897901,-14495.873007142993,-4133.003384475041,-5647.158735389287,-4718.705134976287,-537.2214667439957,-269.3715298779546,-77.33764764139437,-193.50653692230367,-4183.426779780712,-755.9508523302063,-2062.329156827539,-1368.1410183205828,-56.347146451224035,-79.56189308333114,4.406995477482269,15.813503457104161,-480.46161270367406,-141.00952668307036,-249.8058740818567,-92.6404596362438,-295.9162765747683,-83.87478184830911,-213.53861857524203,-4091.0885284311744,-1181.453993692042,-1234.275740033236,-1678.353042403475,-1768646.3642426499
-818.1291513058193,-515.0618279231762,-157.96842528897196,-148.16412485384353,-60588.18353196394,-21130.223958615235,-22752.543744394,-16708.481055714758,-17407.98103417171,-4608.163431496559,-6041.795343687988,-6761.087485747309,-3781.998334383982,-1086.4116307887155,-1175.468412507292,-1523.1835178481917,-20990.746649071232,-11058.400039311147,-5381.5780263105025,-4553.833810209752,-2188.025168276391,-735.7435499840392,-621.9711123394247,-833.3757327131755,-736.6415867810024,-51.189250655847445,-370.990055105372,-317.52750778006816,-32861.06419948966,-7416.144408870922,-12696.74881516541,-12751.236202213568,-2904.6616660242835,-758.9636780089593,-1230.8654263229512,-917.8977884525736,-445.517392822416,147.33586989911964,-192.09153995017368,-403.8269495315142,-8102.786241171946,-2339.80008060158,-3294.341989715739,-2471.709397614716,-4920.9111620449485,-902.3214042428833,-2202.736976155573,-1818.9180084066804,-8915.81746221072,-3613.4626288413438,-1842.733987863851,-3462.686072265691,-594.304125755018,16.519647722798936,-318.9516098883207,-294.93739034967234,-7721.307140636175,-2377.6238759962207,-3333.652131953987,-2013.0963594461152,-2167.2780005279237,-433.7009289595626,-691.2745348434094,-1045.3677634851422,-22993.980578553314,-8077.329471935614,-8903.997322417483,-6015.719010960369,-21560.444590084626,-7528.278998699127,-8022.364582141524,-6012.866236004195,-452.96760392415877,-34.893967683362916,-13.333622214539218,-407.8052407864607,-2058.060477051953,-899.332681412038,-541.8146410124764,-619.978381387737,-1412.5462985520173,-26.522485638603712,-559.8427812408984,-829.2462584326811,-4510.282557261182,-940.9417139634891,-1894.0123173393283,-1678.3937527184419,-16752.934453809834,-5240.32089131258,-6414.807190404245,-5100.871598853343,-17815.155409533378,-6261.966738277822,-6814.353941479661,-4741.899956536156,-3570.6559268594337,-2050.29241554897,-1421.4491210754334,-101.97961699529083,-41214.475896962045,-8318.053193395466,-17905.748289957624,-14993.739640369176,-29821.05134201922,-9196.711294380302,-12432.180848296786,-8195.22442610268,-5201.374818348578,-2332.5487435804134,-1445.6994505520677,-1426.1918509763107,-1916.8601293990848,223.3518768340391,-1392.7089912486178,-750.568241744746,-3867.537977691507,-987.3526595389128,-1873.8856325434278,-1009.3649123693083,-6674.171942101426,-2444.4948679885074,-2679.2090976104437,-1553.5332032626604,-6388.629734572545,-2566.79093759059,-1907.8646464811775,-1917.0393772608984,-54929.89228588693,-20480.632562888673,-9206.575430869929,-25245.749518888428,-5782.091710542032,-2817.7358884039004,-1428.8829140523296,-1538.538134845958,-24496.704354251426,-9610.035149868241,-6372.3666253896,-8517.367805753776,-4995.401492181973,-2552.01036645115,-1048.3425661448307,-1398.1137863461379,-9242.305524132189,-2865.6133555929946,-3346.9724511330887,-3032.7849441661538,-3242.357400611425,-1228.0366489317842,-1045.9450042242026,-971.4409742155929,-5846.57520100631,-1849.1947614992375,-1522.075146024574,-2478.3705202426518,-2221.186164405958,-986.1004706474871,-473.33934095680684,-764.8115795618762,-718.2904437363852,-507.4349500431806,-323.5981810038909,109.67746055057455,-1195.679334994569,-400.32007561190994,-487.2207052642509,-311.2037808785826,-1666.5625228092065,-631.9932388584803,-854.7799289298771,-182.85458178110025,-5535.431253272743,-1575.7524728809697,-2204.181986041197,-1758.5620211107623,-1566.925027710349,-377.3899820591962,-267.39103989963496,-925.2092325117881,25.62108010206748,-78.70878587845687,14.782782382893629,86.48185683744418,-13720.215942095168,-4468.12640337834,-5174.3829214057105,-4080.771844071297,-2590.922166300631,-1121.21019683205,-797.0077251792352,-675.769471049545,-29491.579133345174,-10156.020092702483,-11190.168618916421,-8148.455648486583,-15517.82322324316,-3021.81439394836,-7892.131708972006,-4606.942347082777,-8399.282393383173,-2965.13361431923,-3146.750221428377,-2290.463784395799,-6099.652908182021,-2329.149583359431,-1799.6099745978984,-1973.9585769848084,-3548.674884661068,-1369.57719299427,-810.2339087128444,-1371.9290097141509,-21692.340654093216,-7706.510091293841,-7199.328687316228,-6789.567102243229,-423.332208789034,-219.97026054174444,-43.13026549752226,-163.29690951001135,-21633.917047596875,-6856.169994876755,-4896.672987253314,-9884.139292227053,-7327.40391380428,-2567.4570534436807,-2081.6300060993435,-2681.3820810214274,-2837.7361245840193,-1287.9394061486385,-588.5449138614108,-964.3170313340918,-5548.452945689621,-2312.390007942173,-2141.7412899532037,-1097.3868745544394,-1319.8791105126986,-319.7531603621835,-384.15979124075693,-619.03138567002,-415.77207861566876,-113.25226776642376,-85.76094476029812,-219.82409284917503,-2432.261184140376,-531.1378062021545,-556.0806968129377,-1348.1079078854711,-35288.615005126216,-8297.07831246699,-15449.431349819291,-11545.170569600048,-1147.9195492576648,-503.37186785709855,-483.1280502856366,-164.48485787505683,-3973.173468867979,-1456.2539557284301,-1209.5043724859681,-1310.4803674137713,-1948.057812646621,-720.7233687278888,-419.59469948194555,-810.8049711969907,-4583.341974091235,-1231.1403700903168,-2251.054705890572,-1104.2121248705632,-291.91764624923303,-89.9660130249481,-84.97239146285119,-120.04446852165029,-85.09756818923711,48.10037533538025,-133.82199246163168,-2.4411778231092285,-7755.387751474896,-2677.337956680498,-3107.9045079732196,-1973.2105135814093,-32453.89796020138,-10599.83009397518,-14294.390038214107,-7562.743054772182,-12.274840920055112,-14.111373678239488,3.481452059274716,-4.710146061322803,-1045.2686319012057,-115.0028699512668,-384.0299348139499,-549.3010538960923,-12284.243276690271,-3208.512783399281,-5553.444136588572,-3525.3515834625314,-31285.69529167197,-7484.6878137913345,-14514.888927450875,-9289.183777189735,-5432.7955116662815,-1299.3598139390513,-2235.8065794074064,-1900.6943450800907,-1135.4767728075915,-190.89253612651078,-690.4696972881711,-257.1797661531184,-852.2858515600738,-381.1305434418823,-347.2551250579586,-126.96540982043621,-3879.72197482326,-1358.746274885117,-888.4454459554079,-1635.5954807429055,-7356.7059291475825,-2704.2850798054205,-1897.3117225023109,-2758.1743536001013,-11188.621949222867,-5624.176708736145,-3269.6007886634434,-2297.9096785835072,-41453.84725237932,-14087.073012358142,-13067.585366097866,-14302.254100683323,-5352.8739106961775,-1900.2629813852448,-1780.9202776197674,-1674.7558784515038,-21585.25258076078,-6719.760783362235,-10690.17896339835,-4178.378060760421,-3473.392906231047,-1157.8344280922472,-685.3387103004204,-1633.284994598551,-3049.1032449406493,-1573.9433497684365,-760.4481843411127,-717.7769375913042,-13643.953740016746,-4408.689622124671,-4734.965573642104,-4503.363771010117,-308.6384396846545,-22.858920473114722,-123.96267464224684,-164.88207132942125,-30.088557218110964,-32.64675058383523,-12.335298768689427,11.828265374229886,-60.29100946125527,36.279717499448,-66.32693917017923,-33.3090145507158,-6979.819247904999,-3928.0686323009286,-1350.4707738292375,-1704.3450685350738,-544.9395506815849,-113.56727514897807,-37.38418887001603,-397.0533134227719,-3766.5260607594046,-1267.5560454306872,-1950.7870385453177,-551.2482035434673,-14825.851728054937,-4220.074218949423,-5802.550850214605,-4806.291885651097,-593.2481457167496,-297.92680967134015,-76.13063944059263,-222.25592336507725,-4402.7892735602145,-804.2518820577427,-2156.047464180161,-1445.5551540825143,-60.466426348951245,-84.31972163128762,7.235462063320028,13.55260645889689,-482.60698305691085,-147.0036878570777,-239.7358688065392,-98.93265315338363,-316.6797273270406,-90.801066347899,-227.41127435922544,-4104.315151632737,-1182.232859943376,-1227.900420041384,-1697.2470984081613,-1825304.3956189258
-897.1568213655935,-544.6908238464275,-180.3149692728948,-175.30399693518712,-64483.48264894167,-22452.168766147246,-24178.522533720297,-17855.9443177629,-18736.90502600602,-5091.380633842458,-6536.190069857533,-7112.487290994851,-4165.4401566441675,-1187.7396211829425,-1297.6207483480537,-1683.2327558021332,-22930.47780985469,-12008.177272085233,-5924.169111393039,-5001.284395065323,-2392.6863541782786,-807.4773967730168,-674.2208310809563,-914.141095013312,-739.9648640186547,-45.06994109008224,-361.0596586440586,-336.98823297354784,-34999.38174958262,-7920.350605504326,-13466.683938430755,-13615.500174336545,-3129.14917737645,-794.9422229227171,-1319.4604000068214,-1017.8995231358606,-501.9477290148584,148.8163974689794,-222.78541273797623,-431.1316824347516,-8504.401781010109,-2460.398437731681,-3451.3644452185526,-2595.7918667487,-5239.73636769033,-961.532729494613,-2345.381327480026,-1935.975279404632,-9849.364405265413,-3933.793117390749,-2116.565684344725,-3802.1585722188747,-640.9807434278177,14.753742253628161,-352.69247569158733,-306.19497867877976,-8218.473964723087,-2533.4903238654006,-3539.300155816887,-2148.8364537297057,-2325.6124677171574,-473.3258233659642,-730.035572282319,-1125.4040407578188,-24849.4517249712,-8739.366264966593,-9597.412763254779,-6515.825665438775,-22979.855904843294,-8001.870664846315,-8587.202382533293,-6393.935826152666,-472.326944015133,-35.45133168025836,-14.433139722521673,-425.595441301298,-2183.603292492702,-954.28966597884,-577.3836350727656,-655.0829601301509,-1525.7971217182865,-32.56425619038123,-617.8423483461468,-878.5434858706665,-4950.7502551927055,-1085.8993452068232,-2090.0171848603186,-1777.9866938143848,-18290.174357651187,-5694.170152037403,-7033.256817226501,-5565.90035707632,-18405.94177291138,-6525.207830722934,-6954.381469534136,-4929.505441343332,-3773.56957325668,-2130.4111975156748,-1527.9436585750252,-118.36768585498135,-43898.95846532638,-8863.317214247236,-19088.43213798942,-15950.3620817787,-31811.135297859422,-9809.524713655408,-13305.79397419126,-8698.969578702121,-5468.948832595994,-2463.2902167390303,-1504.8171470605328,-1503.9944374853933,-2195.0730880784504,203.36866875424266,-1538.8289720027553,-862.7657535189089,-4142.395252548856,-1065.1468721101353,-1991.1752279140785,-1089.2261212135138,-7414.797625633212,-2765.704255334571,-2968.4210349410814,-1683.825304046504,-7031.942231219974,-2819.1633962252117,-2059.8472333005693,-2156.084570383073,-58260.83488232046,-21676.74026933629,-9790.259677849213,-26796.98790382381,-6256.788315319001,-3051.9595974289014,-1538.9945860169412,-1668.9871005620532,-26335.79967611249,-10326.380285816242,-6907.089459435864,-9105.48289954936,-5383.156647823589,-2751.1961850937487,-1124.3940895180956,-1510.719341900631,-9712.566844679843,-3005.430878923681,-3521.0298563045617,-3189.2590781403824,-3485.275097891401,-1345.5750840825533,-1116.7657369394294,-1026.08724555831,-6450.847633077619,-2037.1596735983646,-1700.9000221060085,-2715.9409060621556,-2307.265021660355,-1027.7006938244974,-507.04040754939274,-775.6768889754201,-776.7009144913463,-539.8673774883277,-344.121902985808,104.1353972939421,-1391.7663925610507,-457.1511767035058,-579.5566381183455,-358.21154642810825,-1784.8443212356558,-672.6043027086794,-915.6077556755597,-199.78523154041818,-5887.250994821445,-1653.35517906576,-2370.482032416545,-1866.566752028062,-1634.749709941262,-393.06785571234764,-272.42407492183565,-972.4107479960965,26.937861375907005,-77.0078352701903,15.501895218859318,85.29083273830565,-14659.054736207376,-4823.238795423298,-5496.593212614739,-4342.3756968582775,-2836.4888935286426,-1235.8473804745715,-857.5846291200551,-746.2098526229549,-31877.7982976431,-11004.2990242662,-12041.98277028579,-8834.669471780171,-16525.704658808787,-3194.289026176928,-8368.973764449433,-4965.594836871091,-8720.315629061668,-3069.518721500037,-3289.005094996689,-2364.944781253923,-6459.976967394485,-2503.57912526577,-1899.9958608053105,-2059.554950012256,-3815.4806039753503,-1472.6552616402644,-860.5867683332938,-1485.3915426907245,-23061.35247122449,-8205.22207894119,-7645.706632428974,-7213.576728543131,-451.0289760103026,-241.81840711151426,-42.48709372117287,-169.87644386660963,-23015.676184276188,-7303.468585495438,-5201.936712435891,-10513.423855033845,-7994.085774125254,-2837.225799455522,-2192.2031351714922,-2967.809808187165,-3047.1181712054085,-1396.4159648995972,-616.4523184701447,-1037.40285652452,-6053.540040527292,-2496.883575176209,-2370.8897168064977,-1188.9197172335541,-1411.9984609881833,-355.42816559099924,-417.19600702485013,-642.5272570613511,-450.7891590059537,-128.69442719667632,-89.73228006462409,-235.51542043363202,-2615.0998446060466,-581.4799344777853,-610.0802375192,-1426.6926412979944,-37540.253332710236,-8816.547156279688,-16285.48066531915,-12441.378479800249,-1292.9022206498219,-571.0844152838933,-567.5671910859887,-157.40358296879913,-4321.042495574558,-1578.537755369178,-1357.0351502179958,-1388.6225586763442,-2140.8777529029703,-803.0547027396722,-470.0154580244964,-870.960560827745,-4797.013179594363,-1294.7691531633116,-2391.6902448566316,-1113.7067502633652,-340.6870907629459,-105.27086623256696,-106.83034470398093,-131.7388485153558,-129.91824944259292,31.281562205878345,-154.0206387481037,-10.33214158923488,-8197.82855989159,-2797.512533436555,-3293.6495950389944,-2109.8194001050206,-34689.31975240061,-11233.83248653126,-15350.971504854651,-8107.668729703501,-9.545060063700248,-14.141369727565916,5.148253753826566,-3.7049127789377962,-1062.221454247621,-121.30383212311972,-368.06414914056495,-576.0064416727739,-13113.81896242128,-3426.9398292188644,-5941.270475733954,-3748.7616261573085,-33313.46144714618,-7967.615958138863,-15446.723635194334,-9902.274822501693,-5985.608755965018,-1432.708481770949,-2440.7479031562416,-2115.305339726856,-1287.2260649914972,-204.4333961321072,-776.9129781385025,-309.03265940984716,-902.9671113916809,-406.99222279556216,-367.06910515450136,-132.05875213056925,-4419.753789364595,-1545.7285484526658,-1060.3290790349313,-1816.8491305659297,-8241.922860491248,-3025.085760950058,-2129.9572681168183,-3090.032800113381,-12011.435043801775,-6003.617828142523,-3529.494927605955,-2481.475256742291,-44604.94565881124,-15213.746565550531,-14035.643759834791,-15358.708302114626,-5615.117186796617,-1983.9859752418681,-1875.4007652983375,-1758.8834149454722,-23811.649195175167,-7433.589730238488,-11803.680378302171,-4577.532055323479,-3651.0055811055427,-1201.6150171603351,-749.059306924782,-1703.484225709343,-3221.3717729198106,-1647.761501407175,-819.0500943453887,-757.7131458562044,-14927.686930978693,-4817.498061224445,-5233.260520736239,-4880.081317706903,-319.28541925357786,-20.916714454784824,-126.15634334508945,-175.3653301425727,-38.493359460308966,-36.48094203766709,-13.718790327617398,8.553404216046602,-147.14633450917358,-0.39393671995640034,-88.95201494672779,-60.95335153142992,-7555.769791521784,-4178.046811601817,-1582.0767257349987,-1798.7992228739342,-614.2680141213773,-140.56007528198256,-54.971955358764944,-421.8889521695594,-4030.6921016188617,-1402.151636159503,-2059.3562124363552,-572.3372217117949,-16228.91666935414,-4696.271459304172,-6305.40942615569,-5230.388752583198,-624.9243828587862,-310.3278711246571,-78.80880864394794,-238.94067177918964,-4894.40235140604,-948.1808086029553,-2395.4448186797417,-1553.9296928122815,-64.72500308955364,-87.3530361941439,2.939274440375357,16.53578997535874,-541.1351061718433,-163.7009127773715,-265.7522582190611,-114.83490386423841,-356.38840805884706,-101.65598896333472,-256.30890343996316,-4425.590221118697,-1282.952078623963,-1355.325585500141,-1790.4655256835238,-1958201.5154922935
-879.4857395988513,-556.8187450055646,-156.85996474747753,-169.12048319971564,-70573.14808885271,-24364.91810085322,-26626.142553988382,-19585.40088736485,-19984.831920802786,-5296.104896453393,-7114.011478668554,-7578.028999034707,-4324.154702409431,-1235.0491544366143,-1357.1909587870207,-1735.2280425397346,-24431.411829800825,-12861.133693291265,-6232.844455501615,-5340.747134361836,-2454.2821473877557,-860.6549436182124,-641.5722575801997,-955.3683995433428,-772.8317245460021,-42.04682990497645,-394.2654634767098,-339.8328845183471,-37111.930370120135,-8402.120290945193,-14268.134919166947,-14444.988613362018,-3144.037334838723,-828.7659875000186,-1315.7530943850454,-1002.831706307594,-518.1919565949543,166.15174017159995,-222.06506550595714,-465.59208461446883,-8942.925252092538,-2586.4831200195003,-3631.01275601436,-2728.742829412481,-5546.912186121447,-1015.6295116134731,-2467.1102567591724,-2067.4858711027355,-10731.66512895096,-4304.4303707305335,-2265.985524849356,-4164.562686725011,-648.8740165871025,25.843623561526556,-351.7654347446846,-326.26565875784445,-8296.172403028038,-2556.632393619644,-3591.9938627817737,-2150.8595999805157,-2576.9954926122,-544.49659823858,-777.6226113363566,-1258.1897363911914,-26340.924664924078,-9306.278275326616,-10177.09529984338,-6860.86454310797,-24536.936103336975,-8575.493821525115,-9143.978974685528,-6820.77676048031,-465.7092318543009,-10.129544971533278,-2.5611639120861582,-456.33197632460406,-2249.136831251264,-1025.4891195772536,-554.0672823961295,-672.8938826319265,-1617.3522951650932,-39.228623441115815,-660.9741617595039,-920.4629633183683,-5386.043849703128,-1146.1092800393933,-2220.6680852348254,-2022.5799377827268,-19317.81989979388,-6020.426772003366,-7379.026150658264,-5921.68043048629,-18654.172303149757,-6716.560862289019,-6918.9868559860215,-5021.938038228723,-4080.012957116359,-2315.4850482215315,-1659.533484566484,-108.3078776823445,-47636.31450621547,-9600.950862590007,-20629.06013664405,-17409.61696033542,-33528.69803275738,-10311.541737807242,-13968.081306436876,-9252.388441867695,-5744.161902903257,-2561.9220997359735,-1585.5038026151744,-1600.0494539060585,-2434.3225200936085,274.11694561257036,-1739.3608405992593,-972.3920784609002,-4281.032563042944,-1081.3390652420574,-2074.796986575263,-1128.209964579473,-7955.583483933314,-2958.924254552411,-3193.929710048721,-1806.04297268615,-7440.448810899144,-2910.288776812068,-2161.8426011791707,-2371.6308862617334,-62996.539715932995,-23457.616833412063,-10431.016304075893,-29111.2200317989,-6668.549850659246,-3302.4796366806177,-1620.6656892904637,-1748.7179780420577,-28413.27449036739,-11146.881451897132,-7387.621390902889,-9882.085100921291,-5614.829378469029,-2846.371908966091,-1193.99900204463,-1577.7719208121755,-9948.596116437764,-3156.283609616058,-3595.7131674946795,-3199.9127926807905,-3758.8366224203237,-1461.6230587354419,-1192.7327688342655,-1107.7942482044953,-6639.915700748605,-2149.643831360574,-1720.2811000130084,-2773.304222728895,-2429.779823313306,-1104.046090516483,-521.7050231371641,-807.3421630136015,-816.8001201992893,-583.8836417321118,-356.93639341682524,120.70646159582634,-1662.8530607004025,-539.3124771737691,-696.8755416448485,-429.9784952356806,-1884.374307385064,-725.6952718967425,-932.2146489754743,-229.77783986684244,-6148.132395793045,-1731.6087760379125,-2470.4929706694647,-1949.3441024395731,-1725.6942996533155,-464.4254400527939,-252.1734553592794,-1012.4088575952612,51.533902195161545,-83.8668955479236,33.34164460023203,98.74569978893487,-16481.36369796439,-5553.038893038725,-6168.950317007455,-4762.68794127212,-3082.542188720414,-1338.550530410536,-942.5951519220264,-804.709959741786,-34249.3666819188,-11873.693864922016,-12929.500820694,-9449.485449656824,-17526.07312512534,-3360.1752491564184,-8922.035757825704,-5247.1755714968685,-9103.868723055666,-3188.6877455994636,-3452.5290128088272,-2465.9654180013513,-6706.9403454247,-2618.278315291869,-1963.2452180501002,-2128.7302654365412,-4151.0892386022,-1616.4585281544962,-930.8905184185262,-1607.0536453831057,-24652.228716207017,-8701.789371607085,-8211.444807619388,-7742.307990334327,-474.97647689877317,-263.6872855558029,-44.60095390560491,-170.00169079134616,-25038.22955532818,-7942.743800876341,-5561.353342742559,-11537.445865063284,-8482.425910064498,-3033.845685801415,-2297.649998759356,-3154.2436788576188,-3134.3456182529135,-1436.821545053998,-626.059065699654,-1074.7784608530944,-6006.239397375552,-2522.704577372665,-2339.387504406256,-1147.4607689505672,-1404.1621378990478,-317.9292193570391,-447.2308846204646,-642.3154872755451,-426.95297892470217,-130.60034532191844,-80.45778232468979,-219.20830463206084,-2705.699072043283,-597.2096259267362,-632.6244532337728,-1479.1784462366857,-40723.3918232617,-9463.824136393316,-17695.7093585457,-13567.171781676507,-1235.88065521236,-570.5900331529638,-535.6783349719435,-132.9257404412956,-4754.881634383481,-1698.1734785882616,-1538.990672011799,-1521.0309371373767,-2259.0242153955105,-830.6791773388215,-484.4816709292538,-947.1768204813691,-5045.779125986101,-1356.434116293681,-2557.6161220612457,-1135.042340985104,-346.1279942879978,-95.0963117189242,-105.63959936741549,-148.7055365556073,-39.454641828790955,90.4188439298166,-142.97999813762794,9.79305902517467,-8671.676661929707,-2945.548268037349,-3477.6072766138686,-2251.83457063246,-37689.89452700785,-12103.330686690078,-16827.855484988366,-8762.021808683143,-12.383780479148527,-14.94442161149641,3.488826761230257,-4.241638982845643,-1132.3681167847678,-109.09065802267583,-384.737338575394,-641.8535735405078,-13976.580847813408,-3675.0941213293017,-6356.44008738967,-3948.3600924482625,-35085.00600508829,-8446.716074441745,-16192.636675518233,-10448.966708481963,-6504.236838067119,-1617.2389230453912,-2597.966174775971,-2292.3451935997873,-1312.854107120883,-197.3278364924065,-814.9025771377321,-303.93714684469296,-969.1798475692287,-434.0069538982664,-392.0329692292123,-146.45337779568763,-4778.509784634338,-1723.4975160967122,-1081.2516633423058,-1977.074058549216,-8861.470953204423,-3235.28204398503,-2304.209561511676,-3325.2928010617406,-12718.657194522972,-6452.416026468323,-3707.7465438895106,-2561.808077519122,-48248.706812726734,-16515.000598359664,-15304.600710518282,-16432.418957202448,-5785.12555212541,-2012.373763827745,-1956.3137182578732,-1819.7515233938777,-26307.963820973073,-8190.1272895584725,-13041.67340011026,-5079.476584658337,-3902.286189309525,-1265.5077076850378,-787.1689460232828,-1852.922988955096,-3381.4858579218644,-1742.4245949605631,-827.0488702509381,-815.3258460643042,-16202.288997228288,-5135.119525730416,-5638.075462540236,-5432.407462311497,-282.9044951711028,-7.7026768716384595,-121.08843683777786,-157.42683481554013,-44.83132482330507,-41.18737677069066,-15.633927150104682,8.676525743580214,-196.8744416977422,14.868781569885869,-110.84448860894145,-104.21218801260648,-8178.887602977155,-4458.808130109696,-1743.2381284275264,-1980.1547977938847,-590.1242188907811,-119.03636024821549,-60.42178403963817,-413.9795279568416,-4118.9908810770785,-1451.7302795523221,-2135.3278953167382,-535.2461595617883,-17586.939168108293,-5027.569093416461,-6864.786963972443,-5697.896564073303,-638.1778840199493,-317.59502039642007,-86.65170919237676,-237.24460778515027,-5113.226561911664,-978.1844209281946,-2546.76860850963,-1591.5869858277772,-68.167316980024,-95.30681539126408,4.692364306212539,19.133680751190468,-550.8054610353272,-161.2016710569353,-308.53453738645317,-84.38270594574169,-364.9627207049605,-92.59216018394591,-274.0272871979537,-4895.48613711573,-1393.6966744343597,-1545.9773578634238,-1959.1255581718522,-2094600.8319783832
-933.9538792456358,-563.4859336322716,-187.86315316595915,-186.02374613016786,-71086.45311634014,-24830.253183848694,-26625.414109717734,-19634.204776456307,-18821.103123255976,-4838.886585563959,-6627.960935748444,-7357.674555626297,-4173.577422236841,-1235.2237557591295,-1322.552110386104,-1619.2205097744175,-24154.365853785035,-12931.57485541549,-6172.782050837364,-5053.42790121494,-2049.7509403384083,-723.7074902438308,-459.5460965167008,-869.9163072607237,-690.158901896948,7.1731055026407375,-362.7450252327303,-338.00593584975627,-38570.10678842143,-8599.417034251357,-14827.117222643283,-15146.99148520964,-3113.5933032728426,-806.0153391328656,-1297.5357748780818,-1013.461142944702,-444.6254041129928,207.75111403913627,-209.91925406263454,-445.876217772239,-9451.28405983085,-2734.4478729012244,-3827.6850110130763,-2892.5701295992185,-5659.063552590393,-980.6771194396817,-2563.131145789889,-2118.6742410436173,-9836.156744183438,-4124.484015900946,-1848.4329015847527,-3866.6587803805332,-584.3927363994703,43.99790616747646,-320.62987125505083,-311.1797249946678,-8166.181068285975,-2567.4645614223973,-3531.3544536169893,-2070.781006929349,-2326.5424037046278,-498.9836363579511,-691.0486614005818,-1139.9290596288872,-25697.564516041497,-9117.752997390451,-9988.36843323087,-6594.862039102958,-24736.08419009808,-8663.047462240076,-9258.717306276372,-6817.738375264497,-442.5450324539829,5.779987999334708,3.549761572771331,-455.2937357088879,-2294.548964629723,-1032.0393045927724,-572.692933694909,-693.2356800249499,-1392.4094782913696,-6.75936120228198,-565.2006119917271,-823.8684587801065,-3959.448274042421,-684.0954293665932,-1739.4223440954236,-1539.3494542630517,-18204.8430141717,-5702.788367719355,-6868.638334413977,-5636.835265721281,-20030.23705964784,-7158.743166919231,-7491.822588185339,-5383.090258226206,-3652.9477428873743,-2141.3928585446893,-1516.7760860187188,1.8022479931626094,-48180.774303021746,-9733.199171346438,-20892.454507046397,-17558.539578311775,-33256.18693810737,-10350.953787908258,-13730.680461267355,-9177.971642615013,-5837.277924163044,-2606.681180544242,-1575.6756690204672,-1658.3400282811624,-1833.2988079940199,409.70364169069376,-1445.0372260440006,-801.3841773235413,-4373.537344540358,-1092.190976045891,-2159.5688378981977,-1125.19648427899,-7154.714257426286,-2569.003967443111,-2943.5190160327393,-1645.610227633242,-6503.47889668959,-2530.7818417301987,-1842.0804260094571,-2134.0355826326295,-63837.039592433735,-23957.437245852238,-10646.923443493493,-29236.09785677071,-6394.896943459782,-3136.2442970193615,-1567.3139259460888,-1694.7576741770683,-27628.1999159412,-10667.191056888998,-7213.141976225445,-9751.285836509556,-5270.597954525212,-2708.9857741405785,-1054.7276720521384,-1510.3034620152382,-10444.786783402518,-3258.3672835243997,-3796.6476451215003,-3393.1908084392335,-3866.739482086554,-1497.1792457701497,-1211.489367389537,-1161.489822609615,-6376.817807192611,-2119.897939590057,-1599.1498873462244,-2661.188933939079,-2372.2989509183353,-1090.4407315174847,-483.6687644476624,-801.608408635996,-691.0875754312713,-480.3721096975912,-352.78851908673687,138.65409967037272,-1671.5144937132466,-513.7959063141313,-734.682212023609,-426.45532905826167,-1897.208099962376,-756.8306881731182,-944.8715430566192,-198.92482241549692,-6238.081774921526,-1742.9093996646482,-2534.052637527019,-1964.5386914126286,-1631.1955127545377,-411.5625864132262,-223.0758768324622,-999.9760031917192,72.49887344102376,-85.28436538704159,35.928430010756756,118.43585513452854,-14600.50835086823,-4775.694861650845,-5418.217256111734,-4410.015186788463,-2741.387840785311,-1224.267249834316,-839.7875160438598,-680.7520285899338,-34927.10705027839,-12173.115272680323,-13125.193777713343,-9632.216953567631,-16682.794110743438,-3235.6885034561346,-8527.385687483218,-4923.138873486564,-9961.286615469966,-3489.0881022305284,-3789.8702500750305,-2685.747216847234,-6340.192986049222,-2451.5733954393554,-1822.315021743709,-2069.7235225488303,-4065.711032953007,-1602.851107287426,-907.0043693019636,-1559.2745100464074,-24898.060947801434,-8808.491991871482,-8419.216805197668,-7673.771104414921,-437.5974877697406,-235.05525250740652,-43.493355015263205,-162.46783392991915,-24625.837957310217,-7747.085175177956,-5639.7687500540715,-11242.402985761031,-7940.180540009523,-2807.044495192501,-2228.7798334868876,-2907.7751650129003,-3160.628318873203,-1424.319604004904,-650.6578595248175,-1089.0698090261774,-5558.680232263873,-2408.365188946119,-2193.651142675193,-960.0828543253599,-1405.243435443145,-333.98740025623806,-428.9897003359674,-645.6852885338001,-437.1200942172534,-101.3636001149232,-99.28836399197985,-239.88708379317995,-2652.3925547277067,-549.1970318582439,-582.1301305947202,-1524.4843459575116,-41237.39348349207,-9554.973759679846,-18189.88032153048,-13495.958355964427,-810.1023960336497,-435.35105468420284,-378.3388979947167,0.1686029625602714,-4373.209656856684,-1571.6766541219642,-1358.7507156833524,-1446.2012407341547,-1998.0209020888562,-773.8029778962159,-379.2993407697204,-848.3375371057218,-4765.478537281405,-1190.3274496308898,-2540.3897346223384,-1038.1803067109706,-371.6889636602359,-96.09315968897727,-119.95271567221221,-159.06204198186492,351.44080122858077,246.23748385314707,-22.578136980552017,124.36250067327546,-9120.682634560077,-3124.2885284375843,-3702.451935625866,-2297.361124179467,-36942.91671091621,-12020.225340766177,-16418.731781212657,-8507.378542619952,-12.103610561028972,-14.448663486449277,2.509675351910346,-3.5835761093205747,-915.1995131281762,-9.05571087445378,-315.21386097286927,-594.3488949635355,-14164.855285541204,-3702.6760742569386,-6427.192196411972,-4038.4059685549737,-35789.52170878969,-8554.916933365503,-16629.08818180692,-10608.935547299798,-6067.240599704001,-1415.31002176171,-2511.8124560073065,-2143.5370756178736,-1075.4788367809335,-150.36342263184974,-686.4958333884367,-242.03853444345054,-1039.9503313427788,-468.35868134993757,-414.50132751041815,-160.5092761652163,-4156.331455505158,-1486.108513436193,-827.1488513335896,-1846.4930444181625,-7859.662801775669,-2847.209172994296,-1973.1925760278239,-3042.6800064363606,-12061.904599338786,-6183.659638319609,-3365.303381644764,-2516.3605330572727,-48781.41912127395,-16426.03487067778,-15346.17141281898,-17012.631791459793,-5529.079466146617,-1854.3772152715644,-1929.0317431704445,-1749.0894613875305,-24477.529125325247,-7508.002845332091,-12024.949638601905,-4947.995595074029,-3769.7227234880947,-1242.035551940616,-744.6482563246041,-1786.457868905644,-3494.8091851802646,-1819.0973490511735,-842.9145556703836,-836.216234141503,-16075.647046978664,-5053.141364435706,-5597.523873335632,-5428.400762890093,-231.83185673772505,11.050068649641844,-109.49621103161076,-136.80466803847366,-33.479604164655484,-31.264918032374908,-17.826735634336046,12.193095819279279,122.05871615074693,75.3452427601103,-5.10402987216753,48.398549580017516,-7963.267165267943,-4589.629837568996,-1535.5474780100046,-1841.508803371764,-648.0247518045467,-137.32311437735189,-45.559064790035336,-468.56152631993086,-3735.3500257297537,-1389.1310519376568,-1921.5631935767294,-428.074733898015,-16563.219447458192,-4574.2638136568075,-6508.476820872673,-5483.897766611515,-608.3563110087453,-305.3493172623723,-82.96641854423751,-223.45952888500756,-4706.22866832634,-792.157250103443,-2385.4779425489432,-1532.0124293567435,-44.59841229362928,-86.91046016868495,14.486965617116311,24.406128575236835,-527.1178240036718,-159.4690861939971,-279.0397467416701,-92.02794475066867,-363.92830693011274,-91.67549809131492,-273.9622856801725,-4608.878768129071,-1319.0786287099224,-1391.815044838587,-1901.4040482633447,-2061149.0779709504
-880.2020785663142,-547.0913912628218,-178.1605560256644,-158.292271419881,-68279.6433802004,-23967.51591358733,-25469.971413553347,-18845.498193201656,-17398.244595048272,-4452.81219522036,-6126.911593417733,-6821.862946552221,-3833.839395816419,-1090.382417748626,-1188.1443743517864,-1558.6547438580963,-23676.432234595155,-12710.61152506877,-6059.392221976601,-4909.770627691882,-1856.5344662735245,-671.0052730110367,-404.4224699863207,-784.4488634183242,-584.8257348136553,56.64165098972376,-318.53454371454745,-326.2749822310211,-37945.69969349525,-8411.625636351944,-14564.064761709807,-14973.351435575622,-2927.315201285416,-766.6843622348674,-1236.4468869885106,-927.5260922041277,-284.2834902088339,274.6118473247716,-158.52842459847898,-403.70905307717385,-9225.344192031678,-2649.075830342712,-3761.045160392261,-2818.565341438695,-5306.177202291484,-930.3870454491496,-2357.1267066311393,-2022.005590353281,-8725.98253604317,-3681.0898101870544,-1607.7502899979752,-3440.484576000201,-531.0087767687746,37.683722021762605,-279.66782865352184,-292.3668102790905,-7867.389164546782,-2432.444716643582,-3436.4772007894635,-2001.8093872557986,-1979.322731000155,-388.18908705164085,-598.8416307225668,-995.6341533680268,-23253.14424426195,-8319.590848281989,-8830.02971421247,-6106.865821909567,-23865.818367589436,-8371.29600618123,-8842.731988066216,-6655.132513484153,-353.26643085204705,49.09159976999672,8.714232359526704,-414.41440312367286,-2154.1122760869694,-977.9427661523148,-519.2956919426308,-660.2159581342262,-1149.1780304824663,7.7601621745859575,-442.3821019333259,-717.8982308657792,-3098.895833183343,-422.7208596169678,-1445.3011180722071,-1234.2159956361409,-16247.941358911887,-5064.0594098183465,-6115.231964997866,-5071.992124237879,-19003.183584993323,-6797.135726888004,-7105.737713100053,-5103.652285147458,-2828.8167737504264,-1799.4338878910683,-1247.489219690284,214.76419368876986,-46112.1967488635,-9308.823339700562,-19987.546705482077,-16819.16884382303,-30963.72700114892,-9831.766188309524,-12674.26151238037,-8461.041440601552,-5518.888506702558,-2413.295194951548,-1520.299107750837,-1588.6363441422866,-1180.8868176552535,567.2870697538664,-1118.69498168623,-632.8210458650162,-4409.0015691796325,-1121.848685966566,-2124.6254170334723,-1165.8696063216291,-5995.665197289577,-2091.7423793254648,-2454.5116514914644,-1452.75330661474,-5734.084345293136,-2275.720709371508,-1588.060488212536,-1873.6452878511243,-61218.79618596938,-23073.395984112492,-10171.6772417069,-27977.065100291995,-5490.113769841363,-2676.652844407836,-1321.2033193861123,-1495.5997461894683,-25142.654296483535,-9739.954328045385,-6572.874097261941,-8833.168011318334,-4720.818549083272,-2486.4510535992194,-892.836814986653,-1344.8728206394223,-10151.584205544304,-3156.125250588386,-3673.1240360119773,-3325.677059085866,-3715.351287255108,-1394.5873523658217,-1200.2645359238338,-1123.8415391075139,-5642.662786895578,-1875.7357440781818,-1326.665722680955,-2443.603460278491,-2221.050467680888,-1025.4283551690503,-414.93637795209474,-784.0278747018438,-582.8204307581607,-438.8417405396524,-296.42977590043347,149.10894553993126,-1379.7746542521456,-438.9909881824317,-603.8487878657206,-340.2770183460541,-1795.8907194401938,-722.8165833234214,-906.7772877993482,-169.63898845957738,-5966.62517674675,-1677.1173088532835,-2415.4924054087196,-1877.3576026268277,-1470.3619472225434,-313.86340029062353,-235.61136175778756,-924.2293253162932,126.98672897263305,-60.99863589835263,48.193007305902256,136.4502174230015,-12864.927612998583,-4096.2332519825995,-4779.911386069323,-3992.1251150887174,-2441.8468549166546,-1104.5032083932354,-741.6328694054466,-599.0529172600932,-34443.32508784584,-11830.221026613204,-13049.751482193793,-9566.694719181054,-15420.607194459297,-3012.468975704952,-7900.519553826461,-4510.960805069713,-10040.505541770526,-3512.353311812585,-3774.7727061236,-2756.7216639764656,-5936.281662781026,-2226.258990456734,-1697.064898359529,-2016.2999141067478,-3613.9149682367615,-1427.9580216996112,-812.1169302031203,-1377.1821564761146,-24086.32882322643,-8552.229426210662,-8083.509570633288,-7453.931966524419,-406.8657117488442,-221.727136347125,-36.955847919640746,-151.5248676242311,-22639.51689821624,-7005.145280711872,-5243.898426112117,-10393.815331534413,-7119.009527675574,-2540.4266627454235,-2099.847864272344,-2482.0771407998845,-2983.528526784912,-1356.0748717872882,-588.0704481381792,-1042.7253470014537,-4965.170783375546,-2104.798872214207,-2035.927153269279,-827.7868980341696,-1391.8320034943724,-331.1280019512635,-428.2397422668341,-635.8063994184231,-296.4525549295929,-55.03227932758455,-76.86330158350415,-167.89911416062864,-2457.6139006118983,-500.7292525059511,-528.8018331333719,-1431.4249551146506,-38356.29527697113,-8899.021264825413,-16964.191022926843,-12496.425129360887,-588.7818857844425,-315.36295720621456,-286.1533476693651,9.39227894912483,-3509.3602898107756,-1290.412009990365,-944.6166947333629,-1277.6737252291466,-1724.134064278245,-694.5469077582597,-259.55860256678307,-773.3706940953027,-4410.498729626519,-1002.8413252044659,-2363.660590911396,-1047.3389536527468,-242.2417785179648,-39.118695686297315,-79.20332257572136,-127.26190039806329,387.1543896817044,225.6593019853517,22.303038416064055,135.8499091382746,-8963.959293837552,-3114.533683504046,-3704.6882799686564,-2148.0794705069757,-34174.200889805645,-11259.774807539217,-15082.803933194054,-7834.964289214305,-14.863037831856218,-16.06307018798475,2.2266929015506776,-4.368800687557496,-885.0386028604223,20.66307229351446,-315.92766895793284,-593.1161463379988,-13659.51186858851,-3578.1326827567573,-6235.54981341629,-3849.171512557459,-35151.579577507,-8442.947104597168,-16385.864881794092,-10326.109731257573,-5605.320020476965,-1256.460141536117,-2330.0338887531025,-2022.1681303299376,-920.9076014921454,-133.7418548798837,-568.2077681054743,-222.3001186489039,-1067.426363404188,-483.41149004041085,-427.091517181188,-160.265496324678,-3436.9342175980473,-1157.9197535171145,-674.3443255179777,-1608.012278705007,-6769.993659491562,-2385.7343846835547,-1641.4435678610814,-2746.157847089061,-11156.36177248748,-5729.6142347603245,-3081.728604853576,-2348.3610730157143,-45976.22555391637,-15453.052241757274,-14355.612159868073,-16170.903292432859,-4972.459102209414,-1714.1777015737773,-1665.3358645333858,-1596.287676244485,-21173.871424287776,-6332.176364370538,-10549.499354728541,-4295.537845330731,-3644.3657181320086,-1193.4690832249833,-708.830705285457,-1745.4080697636507,-3315.6462823260554,-1708.3925333057402,-829.9445828057328,-780.6513063566708,-15341.576164293843,-4951.145047453655,-5354.953038566899,-5038.82021841534,-199.18720254130426,19.996457303382158,-92.85683213841344,-129.66896784829078,-38.81577651238467,-35.15161033983895,-20.058881699088488,13.052575384460624,289.60894555113487,109.2803233630766,60.107067024293656,116.87941502168019,-7443.207303558754,-4398.118151082809,-1356.2390414807712,-1692.1922511373052,-575.0009991683851,-113.59826060687988,-14.930782365797086,-449.8140963377723,-3354.316403592077,-1203.5435715999113,-1757.623729066738,-396.49124306738895,-15222.679789544802,-4077.6469917611703,-6097.462713373842,-5050.912224551921,-530.7978875615304,-258.2528513307773,-88.56267963919026,-187.32449673374026,-4261.020823257105,-709.6775732288477,-2170.9100084082775,-1383.775381762078,-49.18406966914995,-86.98772366104663,11.169875788425088,23.29163806147335,-392.0099177340794,-118.7429492947058,-237.99816207863,-38.61094650271207,-361.16682112709714,-90.44302558999834,-272.3948656081309,-4233.139430755838,-1196.9989220548753,-1288.6081482409825,-1750.8745006020492,-1929058.6843075114
-777.7908852164335,-503.56263107693326,-156.16939624724523,-121.27814609376628,-63975.36294625419,-22387.68835521372,-23934.88136177988,-17656.012517462015,-15886.404616585742,-3966.259239569841,-5662.860407547005,-6260.504257670414,-3358.4798204137187,-959.5230099475596,-1021.2284336520645,-1380.9476650156514,-22286.860589889828,-12134.095586709776,-5620.652402930206,-4535.331888451364,-1636.583439707509,-602.9735148350128,-336.51842910510595,-700.3107839689978,-559.1712007861686,60.58488497140661,-315.63716316373916,-307.3382107954692,-36489.86202788988,-8108.752460986049,-14037.660888404158,-14346.66796670126,-2585.8069171686766,-680.8927647821242,-1095.0406013878517,-813.0928392002284,-202.31264361828016,303.63273573689946,-112.46481015646759,-396.6998574002148,-8760.506942286507,-2524.323054996332,-3569.6652626201158,-2669.7379128715083,-5057.831868499622,-876.8864149932167,-2219.5925436720054,-1964.5721980359401,-8061.706635544214,-3395.916352358925,-1428.5905129172363,-3240.4190584695098,-527.1488279453938,37.25622196843824,-276.0681398168483,-291.556198298515,-7272.660969847101,-2246.2164707146267,-3187.405769861746,-1842.2580174722364,-1741.5033027291058,-364.8685013136303,-520.4395376949687,-859.4145519220424,-20438.09290508619,-7316.238796309187,-7714.261978473226,-5410.811418505367,-22992.59958208335,-8054.9320358227915,-8513.382090640658,-6427.504743821485,-321.05738946851807,58.02387117430612,13.739053572517378,-396.03960241690083,-1978.4078959678484,-925.9140010411945,-446.6734123851145,-609.0397707431844,-978.8784481173413,10.450551127690233,-402.6684396531041,-589.8798477934333,-2737.833071426009,-323.83856588711956,-1314.4246032115332,-1102.789190528814,-14468.908931593272,-4459.595096949441,-5458.319091644183,-4554.214031201309,-18004.44380343752,-6489.273526047496,-6745.3534599608865,-4773.036105630742,-2564.9013859492525,-1668.4573762028579,-1132.2375642889099,232.57426634088176,-43521.914507738205,-8681.855512660659,-18919.681161827473,-15923.597121451685,-29570.70670282273,-9413.254352832086,-12094.613506846877,-8066.058131345707,-5091.776157050495,-2216.9804274464914,-1390.1813940653199,-1487.8336237402425,-1059.0160247776791,636.956439056146,-1089.326636326671,-609.865115708722,-4321.570895620406,-1114.8076236814288,-2081.440407752759,-1128.5421523877096,-5409.003579406862,-1846.5542654910148,-2251.809069251037,-1313.859532866382,-5241.648967016784,-2076.997749881396,-1380.936668563946,-1786.9338367729076,-56602.36449988623,-21319.436133858413,-9330.803089050485,-25955.34456517879,-5014.83643891058,-2427.6335525879176,-1213.1316108827548,-1377.290563641384,-22549.77056298782,-8678.962137170047,-5858.62883168327,-8015.398882336059,-4236.201866693744,-2235.235982041594,-798.2624192447456,-1205.922753608895,-9476.809809685872,-2956.52403413081,-3434.255435441356,-3089.2496283151195,-3549.605153199157,-1351.2933329791783,-1127.250448845454,-1074.2806595760314,-5169.115758114698,-1687.4108354513166,-1207.6440893113274,-2277.2801215535756,-2174.544287088849,-1028.0246228302706,-418.2583881909143,-731.4805642692177,-515.8925329373585,-394.51069550549505,-280.86302399217675,156.26189835885998,-1324.2034843428626,-405.2601171273534,-586.6772812169243,-335.4853742000971,-1680.1264192827482,-675.3590855944326,-844.4047234206073,-163.58189846931145,-5816.398758620737,-1630.8390209335168,-2360.898243021348,-1827.8807828674019,-1285.6247137642847,-261.0269382227393,-206.33351302840902,-821.48355071474,149.0191519765367,-56.93974887960462,64.75149285646899,137.98811979813286,-11623.00684182412,-3716.718945692849,-4294.818532557384,-3614.68865177545,-2121.052514826414,-975.703138746261,-648.9863106350579,-499.5823536466587,-32638.607405308,-11223.161999782655,-12395.016115236538,-9023.648578490473,-13884.488352324523,-2641.7892325999464,-7163.36323971705,-4082.55516820885,-9767.413783675293,-3445.516731132104,-3666.3615411341107,-2658.7547996106578,-5412.467294699308,-2010.9260459530803,-1524.2632719100786,-1880.4972650375887,-3440.553259827586,-1376.2434453575754,-773.2069666394125,-1294.3221360321352,-23078.76050446699,-8254.034128826692,-7715.030255263749,-7112.915408577953,-370.3823422638636,-209.13006552439083,-28.169592310891858,-136.30197263018204,-19814.034808198947,-6072.950433078519,-4531.288726118636,-9213.01493720336,-6561.402243813434,-2407.0337386724577,-1921.9204788692866,-2235.6673144732176,-2754.2063419269725,-1252.9588628271315,-558.8333024723784,-945.6334648289328,-4547.974737733703,-1973.7447959187064,-1863.6409567265243,-713.808273290043,-1292.3295397615113,-285.8040175873018,-404.4003601038198,-605.3444502719906,-222.207823003077,-28.734747591600126,-62.34837836048905,-134.34398525256074,-2157.1820799686893,-430.48272188952865,-450.3988294046735,-1279.5198168760064,-34468.356399823584,-7947.089343041699,-15318.914062259175,-11205.572282724219,-532.0972444065524,-267.53799300308947,-284.0758835758911,16.297343970940346,-3284.0479460487168,-1205.1798740761176,-855.6336480749692,-1226.4537120991824,-1557.64474940459,-622.4929686687362,-223.8166962145183,-714.554372722891,-3946.036374965671,-859.2406041872232,-2124.2556819877173,-965.7593769922694,-187.2284036017927,-26.95781087102455,-48.905719956570465,-114.5841609757731,383.6163537159481,223.5361217132296,50.351674454868316,106.50926934637732,-8706.348001889617,-3001.1508499430647,-3629.6786368889907,-2078.737803259137,-31532.665026327537,-10397.056532221868,-13982.213698481804,-7156.614083825295,-14.336621735434619,-15.131980563946172,1.229799210630972,-3.653728583708471,-782.154334750923,68.81139409082425,-291.808009881144,-562.3770071620579,-13221.702621761355,-3470.6875644360307,-6021.432319886361,-3732.8020256404307,-33823.389766697306,-8118.51222071631,-15809.698282526782,-9898.398551655557,-5426.970226356291,-1206.1342192955997,-2247.695990005299,-1976.3593052570375,-879.4399748267585,-125.75321433120143,-549.7347802233826,-207.1712684737456,-1037.7030309362192,-469.1603877859584,-414.4460739267183,-157.31585742507787,-3060.0271899598483,-975.0247000457364,-601.7897982591246,-1486.4319798564954,-6168.355451111814,-2122.9377878442283,-1521.8673371171615,-2526.769614352035,-10226.175348315031,-5357.502201421995,-2798.7730129335105,-2073.1194221611167,-41359.05789907957,-13768.670421639745,-12841.329410226586,-14752.277355414602,-4305.713059627815,-1499.9622818313267,-1424.9401684364423,-1384.0298975617236,-19169.757139747024,-5649.446399614048,-9669.838302298289,-3853.6917260362143,-3377.3509787776857,-1095.2046420628242,-646.6754604346636,-1638.69016448174,-3052.755868610451,-1557.3261124801609,-776.1714150490664,-722.4776292827589,-13899.978383157559,-4484.672470792399,-4842.49210717191,-4576.033093394726,-199.52693620287732,12.922773454525213,-84.51267743640778,-131.1563204224692,-43.87215702247249,-38.586187747820986,-21.220959029694768,12.715701553502868,370.8799842347685,109.59417957915366,106.92010340119214,151.14641305288455,-6623.341328542093,-4159.794633233438,-951.4226453159974,-1515.3433381942489,-584.8232195396595,-115.13669575040171,-33.192249201944605,-439.7135627888322,-2992.034995472556,-1077.7805523618065,-1558.7532823068561,-358.7204490053259,-14133.010702355783,-3756.343591653408,-5633.463744266279,-4746.422654637619,-501.9390044476486,-251.371022471963,-87.16779080653828,-166.61947937077412,-4095.844309583227,-654.5979452249987,-2107.7306046164194,-1336.7350479433574,-44.1783695527954,-77.63446555901487,11.85818771921754,18.378620085542707,-367.64521934810114,-106.04880669827685,-236.72200521249988,-28.09369563875225,-343.4960640155434,-86.83532051848533,-258.27038759781703,-3831.850349749603,-1076.6161762228924,-1170.2257900349816,-1588.2276716932586,-1787358.9953217546
-792.3173504145302,-522.4491602042608,-146.33163819621132,-126.82481614090807,-66645.65406686458,-23243.958829569376,-25004.316636891544,-18400.66686453035,-16536.652815412206,-4123.957147750216,-5965.986913093143,-6449.9970186957025,-3741.373635507781,-1031.3627379646116,-1153.2217462932833,-1560.0774153767904,-23700.946531052883,-12840.551792051312,-6013.879940453256,-4849.803062675179,-1944.7592413531772,-744.2598110031906,-438.084203598356,-765.7034908785865,-529.5951547827003,68.61420301856651,-307.5100895644214,-293.9875323638223,-37730.14742091063,-8404.505941882198,-14525.711879164823,-14803.217863990521,-2750.0960095865867,-711.5496163234066,-1148.1956361904283,-893.6390211996152,-277.5130929017314,283.03109589007886,-127.57098712761854,-436.261465791039,-9278.334028307303,-2672.259876390981,-3766.5611404127876,-2842.8012756303315,-5222.127726127737,-895.9635240945297,-2323.1673542953085,-2006.2851118647875,-8881.148576543552,-3701.352819638636,-1608.965673291417,-3574.1183477403565,-529.4650288920288,34.587658880253684,-281.29815853827495,-286.04279336088325,-7650.559599057881,-2323.654305614814,-3422.858948262573,-1907.3346093073299,-1747.1501745858993,-353.72723210243475,-480.6487484958859,-916.0624581144559,-22005.008090702282,-7779.855531061711,-8508.308752011577,-5720.132071755832,-24165.248460551273,-8483.017428822805,-8978.653915662344,-6706.865380193083,-311.23756613395744,72.93145623337796,13.85786421499779,-401.31515070923865,-2009.7576118773316,-932.1538372963726,-452.0978849450951,-628.7941537628535,-1047.131713299488,26.165492814144727,-441.3351996043832,-635.2502706361049,-3079.419677511064,-422.5221992054903,-1451.0510568413172,-1209.134685591028,-15937.630696862108,-4910.511532429847,-6084.942526275933,-4945.464902283363,-19094.998518768018,-6731.516274964514,-7344.111913986865,-5022.658593943577,-2849.9770968658795,-1843.756819059289,-1220.1970547969534,210.68851286341908,-45507.691895717464,-9013.659336188242,-19775.37598164533,-16721.944842010882,-31226.16206254463,-9827.1484267341,-12919.146076243092,-8483.15582369472,-5426.145554938343,-2369.8506012197404,-1487.7530650360584,-1571.8301528094482,-1191.1362038442428,625.1664546941334,-1164.1964940532564,-655.3944286120382,-4573.348644956424,-1180.8150936578802,-2174.555037030239,-1221.266778395133,-5977.7396121645515,-2049.5937320245257,-2540.5937096493244,-1390.8404346176028,-5763.290490234835,-2283.1602838928584,-1533.5878943365658,-1949.8305761322147,-59589.40961022082,-22448.89737788709,-9758.537951647642,-27385.2625448129,-5619.191660339134,-2665.322082274415,-1367.533958238945,-1589.6238839526184,-24326.087956387546,-9558.690936321835,-6299.591333847183,-8471.093950345386,-4579.647813326709,-2414.0985338207292,-861.5279747206498,-1307.309568912154,-10104.545498778616,-3101.9531856083668,-3669.555271784925,-3336.325305512065,-3709.7446614963537,-1408.918176507438,-1165.1869700151535,-1138.9277791006118,-5568.6165669734855,-1757.3225072376733,-1387.8313923919288,-2426.750931470744,-2132.3901224959227,-1035.5555054842027,-392.1413509170304,-707.9815302215861,-644.7318682459797,-487.65009892559306,-310.137287231207,149.76725378402307,-1475.545376015383,-440.76599554118957,-659.7818046777534,-378.2858399232907,-1645.3024381161247,-655.4074305435549,-846.572502132246,-146.61076956727607,-6099.362664027287,-1722.8672849828883,-2472.958702668984,-1906.824940502285,-1180.7626407803161,-208.1173882433543,-194.91092553552517,-781.0225911283801,181.31565549666254,-41.2906225748543,77.28451305930571,142.0335008853242,-12256.342381503066,-3901.6233398609174,-4509.330643275855,-3848.6766624931915,-2331.297503178591,-1054.3668829045903,-730.5090263264935,-549.7098580744216,-34735.64995708559,-11894.264054629628,-13237.407150321495,-9607.267016261469,-14710.324179544225,-2783.4897313306237,-7505.780047647521,-4424.3426646927355,-10034.862695581247,-3541.118973095651,-3768.5207581750674,-2728.511228437449,-5980.300250198182,-2215.130119893567,-1706.4885868674298,-2061.969807563951,-3483.263499179927,-1384.5308113809804,-750.3502407753035,-1351.6707111505173,-24220.435735868778,-8718.49947188356,-8037.71858362924,-7467.505944482727,-398.60796309996726,-216.35634150471333,-38.935109867446045,-146.60477585475678,-20495.589645728876,-6250.1019926320405,-4599.571978994865,-9649.203938228928,-7061.6850946513905,-2542.944766406942,-2118.4863674349745,-2403.542224936351,-2896.184759635915,-1329.7666520224782,-592.2612482471013,-977.4451234931478,-4740.326494536185,-2077.0028980476372,-1972.1448048007167,-694.4670558147409,-1397.514532326589,-309.17140109235515,-442.8814183331931,-648.7499770279762,-248.15568510146613,-15.159851947741572,-77.33480491657542,-158.94929236406574,-2334.487094022017,-451.5032436909837,-504.4244274769735,-1381.847686980923,-35078.67118908713,-7921.087906732165,-15723.414720091203,-11437.456826390628,-707.858622086638,-360.5530188128623,-347.8090731291652,-2.784794271432247,-3672.0791858045304,-1377.6414159421258,-979.3268987017825,-1318.399135287534,-1644.1815856811288,-658.8607528830676,-216.25907564957038,-772.3500212753954,-3836.4262050406214,-838.8121375539763,-2164.3435459360035,-836.5587856775464,-182.09290940645565,-15.247876859470807,-52.516222914704485,-117.61707375920037,356.62751565292194,230.75506080292723,29.463474029306326,93.1207166938716,-9011.394628230513,-3139.4198682120386,-3712.925041954103,-2162.337982191275,-32943.213452744414,-10824.224294760414,-14616.75124649354,-7505.526175617178,-16.300695160294936,-16.710112071588355,3.1453079831926516,-6.024155198831522,-665.7121272535155,92.41141540160925,-253.7020834559296,-507.70972332599354,-14029.667602031324,-3698.473120284043,-6400.1706963748,-3934.3120494992927,-35186.42979536981,-8471.614727082308,-16382.29792881312,-10335.805403601042,-5747.905335890667,-1298.9799420205816,-2351.2533790355346,-2100.960278961541,-917.7552003372286,-125.6912992631951,-565.9522450429897,-229.39992015795156,-1052.8878326121505,-480.9597334229409,-423.8166808890762,-151.39968242701366,-3126.221583711539,-1001.8778953771782,-619.2969643636277,-1508.3349880975968,-6913.864917160114,-2432.68220814485,-1700.4771792326203,-2783.9937939096026,-11154.522782919332,-5747.597681241456,-3140.034842573228,-2270.1785232315624,-42779.97270402365,-14274.450286360498,-13363.797594881502,-15145.013086908357,-4758.752728022349,-1703.1202694379433,-1576.5815506504844,-1482.3391720609654,-21175.532657677253,-6307.268889890964,-10734.166304627952,-4137.385727285249,-3609.78751159703,-1149.7907778789042,-701.5749715137515,-1761.710026331258,-3032.5214686438967,-1544.265766488057,-787.3822911162038,-704.1616751665197,-14825.976350367395,-4778.394213225085,-5171.0467566943735,-4879.823644574787,-157.38467539397107,38.06588152363747,-71.20478368257318,-127.53403736185169,-46.21266012344813,-41.92088425911152,-20.308561987509165,12.728521996289146,346.6492515446341,101.56486883511275,91.93459626745653,149.86152231518304,-7102.821859635053,-4395.831456534382,-1053.552332717716,-1656.7263345098856,-599.07061244124,-103.55283673419035,-41.55101187818423,-457.255027955729,-3335.5100475420895,-1192.36550684372,-1706.2895264497427,-440.1432783754176,-15182.542759447619,-4092.8076042384455,-5995.774263551298,-5097.249155784781,-564.7018879862383,-285.0363350643156,-93.34269050747889,-189.6111265414131,-4633.684123812929,-787.8394606610043,-2354.54553294187,-1494.5873943369304,-47.6765923326393,-80.11089169697766,11.14392296543042,18.002112272105933,-368.53383018468026,-123.23410846415277,-209.6871506168377,-38.900835230454504,-360.13617557838666,-90.72973168560429,-271.05057595621565,-3920.9471037028034,-1053.9549410459206,-1244.372773498513,-1625.9076532852375,-1886929.7970674995
-719.869876007984,-494.6807566177547,-114.85730020042342,-113.63855893456412,-66643.09430549931,-23169.325396925684,-25041.019669858495,-18436.055978459804,-16802.973773759943,-4239.889185570904,-6064.960852313452,-6501.430475620346,-3942.880393410098,-1064.3031439769359,-1209.2803399704965,-1672.6036492074707,-24737.948528602534,-13287.801249400462,-6363.1688510322865,-5090.285167914549,-2173.5755565933123,-815.1753126200847,-513.4312626602205,-848.2757210578773,-476.38854781645864,80.7254710551797,-274.840662970611,-285.5800956459061,-38027.496022738014,-8521.528645230012,-14627.466410584966,-14881.807706667834,-2956.489700292497,-774.9135258485142,-1222.610903707913,-962.2720104808511,-192.823972487525,324.374606061083,-91.83492213571162,-428.67039615765157,-9401.37866577097,-2701.76777632039,-3794.281267440002,-2908.636361755276,-5219.495454940099,-849.8184166139763,-2344.8365565645063,-2028.1472215064034,-9450.065194545836,-3863.6420665245787,-1826.9111633962564,-3762.81870436979,-481.38884434012743,39.24464544169882,-269.28958329574016,-254.65064623087187,-7671.259752685125,-2357.4587970893854,-3458.1092187377426,-1858.998476602749,-1542.4791709898775,-285.36808677575436,-366.03062491750893,-894.3871990413934,-22143.511960935957,-7777.035964817914,-8629.139662727819,-5740.643073135023,-24439.76379958759,-8567.15890624636,-9067.594324843907,-6808.317308242143,-243.74725470664998,103.34290576449894,21.51872453189094,-371.9156247478609,-2094.000655036749,-962.8467737086578,-476.4575111331187,-658.0031099398745,-921.3477962856612,51.89121301255636,-377.8157741083637,-598.7299749346048,-3216.3728224346014,-483.44299016230093,-1512.7103971011722,-1223.5261749158133,-16576.554412803995,-5085.743236474438,-6382.064861212013,-5112.053054862472,-19194.130679698905,-6682.018755860076,-7429.317741212527,-5086.100922371146,-3045.6829403674483,-1920.0286961306158,-1332.3285097716196,203.3675257899315,-46006.15077835214,-9072.859539519677,-19999.603244728296,-16936.99473384901,-31434.106535764207,-9920.874233150318,-13068.728866427036,-8447.810175932012,-5562.071980362144,-2412.5962347331742,-1516.3551942675488,-1636.4272911062246,-1178.493444996316,658.1348158982594,-1159.377634461803,-680.5573661775543,-4718.372395605381,-1219.8379831740715,-2230.0254573320462,-1271.8156948440017,-6413.398751173224,-2243.1478619619584,-2704.214803459692,-1469.3428254963753,-6047.4068922099705,-2365.0647125316755,-1657.1905419727648,-2028.4583774502491,-60243.92884715144,-22658.16434012664,-9741.315647645213,-27847.75559912437,-5875.440780667147,-2753.24389490466,-1447.8454623048485,-1677.6581632023733,-24701.91472690712,-9801.001338284474,-6397.503666116816,-8506.716462250612,-4627.585070959937,-2467.3671107410764,-855.8740005111874,-1307.6506994524127,-10362.031966707607,-3169.542017154329,-3739.207870711076,-3456.588818586858,-3679.653799295077,-1396.7497924660745,-1162.4260959188216,-1123.7846506549383,-5658.986601627799,-1770.290561942634,-1441.036380429837,-2450.9663990000754,-1969.1902249043226,-988.7166397415506,-346.22770440106547,-637.5526205065064,-646.7281316595538,-501.17910322221746,-304.5274557660589,155.67168758401158,-1442.908817016338,-425.13818309268527,-616.6950101513985,-404.3823635170065,-1550.4002414149766,-609.6619786288804,-804.6836119021355,-139.36139062881693,-6147.196895275525,-1735.1927950369084,-2481.6456645872595,-1933.665175396138,-1107.3078471386623,-187.948147721665,-183.29963972036398,-739.366799441482,178.6097425007797,-39.65382043776003,74.31440404179716,140.64241915194702,-12489.368613266193,-3986.7490862741824,-4568.27095432689,-3937.655312409878,-2444.767992634448,-1099.9583129816772,-775.6618045894354,-572.4546148081613,-36151.110990026194,-12241.327122836377,-13895.797056531927,-10017.293550402816,-14931.136321817157,-2697.0878414209856,-7636.696802424857,-4600.658417715856,-10080.107331235133,-3535.045812785458,-3806.567521975532,-2741.8007362189846,-6355.410885854254,-2346.910224722438,-1826.4925797843264,-2185.314821092177,-3349.9261858548243,-1329.6877090520081,-687.1251519238263,-1336.4200646237775,-24143.68045117111,-8804.771868744894,-7884.6874489570755,-7457.527873213817,-405.350604206061,-213.08137783381744,-45.44721259057792,-150.12875352652054,-19332.67180930321,-5914.491453503034,-4128.793514081341,-9292.693581463713,-7419.248352630287,-2672.624879578677,-2232.0714516423304,-2517.858761154038,-2797.1817665254166,-1280.2590423806544,-595.9761237673731,-924.2533401221096,-4619.728178285021,-1986.8108759227223,-1976.009357975822,-660.2146841312683,-1446.0542492336538,-313.1746585392657,-481.29393757152843,-654.8923928677141,-209.20538124224709,-9.889493270322419,-77.65588703930712,-124.96674067744334,-2380.067850505109,-480.2843570290395,-486.5542617381079,-1416.5359714827375,-33161.50311496517,-7352.615811957813,-14837.356164067816,-10974.837878684317,-726.0084297891208,-372.94329014228106,-347.2409821579631,-9.130897233607584,-4109.188631855414,-1520.067090660318,-1159.0172145144054,-1433.4110664255188,-1625.4378643953885,-630.17089736147,-231.68910159988832,-766.8846051788425,-3275.052374671589,-623.3975602310404,-2002.2419782759682,-652.7195759093961,-109.10876097658183,15.021568620186372,-37.691241068472664,-89.74582827312702,450.69566436484274,280.6821663888428,63.820366350426184,102.8863918808438,-9074.564684331945,-3230.6734685455194,-3680.152989223702,-2167.044966307545,-32517.195836929983,-10691.023379002074,-14413.030031102031,-7416.44916657058,-13.899597067088735,-15.718492505902987,6.986734136479299,-8.474578442503343,-415.18869503415203,161.06566335369712,-152.8476999665943,-426.7133981659624,-14109.55270141717,-3722.8143094048373,-6446.402931789833,-3943.642199967231,-35390.63125843589,-8490.894129605447,-16506.467841748854,-10396.576026826186,-5919.4616978805925,-1438.9098469585845,-2341.3067572508917,-2142.551833416009,-844.1497019742069,-110.60614098618134,-538.9497031951535,-197.9005975376931,-1029.7234822163698,-470.2708135577459,-420.4424280056919,-142.31698039771823,-3304.1947453306293,-1045.8871741626624,-663.3849553999851,-1598.2293555127565,-7266.058966703101,-2579.3720357913926,-1784.577738608543,-2905.415932048012,-11298.031490232197,-5770.5243554395265,-3221.195872651114,-2309.618001886395,-43056.82028406339,-14378.837893553015,-13547.665360775969,-15133.623769479052,-4991.751306330794,-1793.4394229861834,-1620.0780651414227,-1581.5405579481237,-22212.026196574134,-6670.091201604912,-11311.750703041702,-4233.491031672361,-3665.952620795456,-1137.4705619039348,-735.8726577917635,-1795.9161408445527,-3006.573185261236,-1510.3579018101016,-800.7847650572664,-698.7372581386621,-15156.320067776025,-4933.254093510865,-5329.8688327722475,-4896.503881237691,-71.26823206975814,68.64635877921023,-48.705249198251295,-94.516081395441,-42.00245320667182,-38.24986353197096,-19.271171497136038,12.21184207764054,353.4769727352017,81.46416989540171,93.62856681058315,175.07749628442969,-7505.210650052894,-4368.44084866258,-1424.3932630778534,-1715.6832780572988,-554.4024267264022,-103.45315828146954,-28.5711703139757,-425.68483787572995,-3341.5723929681435,-1138.908372481644,-1737.783009462674,-468.18775076852603,-15916.27658896148,-4230.069104102131,-6333.848249462622,-5355.665975141516,-589.9302705089071,-294.1462072652496,-85.49776604835279,-213.59303694017945,-4821.619139399904,-847.3935380604921,-2433.8143685542773,-1543.71797252993,-52.86913313261334,-82.44329674777214,11.09249426694987,15.174929603497048,-326.1202906418332,-117.37779695610357,-194.805894061632,-17.24333936877565,-387.1723688676375,-105.7057802398408,-283.11995850018775,-3652.472950246296,-995.1296877844,-1174.250245242962,-1486.399756963716,-1905270.0633704008
-593.6076099148506,-434.05204018633685,-68.52965554116281,-94.10114235888477,-62574.68261460738,-21734.040890756765,-23534.386159956874,-17309.330792065168,-15666.291513032475,-3905.8302072965007,-5723.86413779617,-6039.672396111372,-3681.267546911011,-980.4038625723094,-1126.3635076949029,-1577.5754048153838,-23720.194401540048,-12716.805410934838,-6134.029066974388,-4872.435151802358,-2094.697955663203,-784.4104785766597,-519.9123986311686,-793.4503066270129,-395.4480568246727,101.76884781872627,-240.96506277149365,-259.3270700435487,-35440.86146629424,-7961.9368048504575,-13571.80573986054,-13910.194149754821,-2681.183260683136,-694.7749636506271,-1112.4892649950546,-876.9942602090052,-99.51056220901887,335.5204594781442,-59.115695918623715,-378.9905539400693,-8776.714998626006,-2528.840604840796,-3539.0589207176226,-2711.8907012390728,-4975.48738118946,-782.2102490827422,-2274.387294574567,-1921.9650657037125,-9068.749477570587,-3733.7973901391724,-1698.4533325808045,-3639.5739830221783,-407.6876652325275,38.95401574254856,-224.13578397763604,-225.58112516899246,-7066.3499899887,-2182.2979619253847,-3217.3496598978672,-1669.7775963369857,-1287.0997994971392,-226.16637819584162,-278.9852127133847,-785.023436759471,-20690.82732075203,-7322.472721183006,-8078.519814498098,-5292.910013242521,-23127.842921396175,-8131.655043442547,-8550.001795571223,-6449.2613105540095,-206.0470921703104,103.91732992095126,25.348340008485366,-338.3879902713418,-1938.3324272303782,-891.2384299630933,-434.9209651830158,-615.2482602559317,-807.3658676383639,57.35647256543393,-345.92240075087466,-521.8751676244497,-2949.804069274661,-474.89718856881746,-1403.0189278973905,-1074.9631809799137,-15679.70982570702,-4841.582371447062,-6124.956332438968,-4716.246349992717,-17088.516240149707,-5979.131885088318,-6569.35878894259,-4543.100794290423,-2883.6234025473914,-1794.8904513005234,-1268.5005844867044,176.69240506821495,-43831.855494572985,-8568.308907678515,-18984.042610246204,-16282.579204819895,-29652.59839917154,-9307.434499064193,-12383.616001467148,-7964.623126812078,-5230.909155343314,-2231.1075833361456,-1464.6651988739056,-1538.2116013048355,-1113.055112282357,655.2427096211234,-1096.5702660169025,-674.8027840581312,-4263.007770325024,-1099.8462590000015,-2044.1024023250677,-1122.1343371714722,-6001.94842016245,-2116.0289250840706,-2551.7961533621637,-1337.1985698877868,-5756.014497359037,-2244.4112759049267,-1567.2043130271825,-1947.474136598454,-56643.323082748546,-21235.373916521756,-9055.727294438571,-26355.297099959695,-5559.87022131435,-2581.713402204594,-1356.829103358654,-1624.402943922644,-23443.195171078376,-9183.744783112052,-6235.637870187768,-8026.887745950101,-4146.896869078609,-2178.373503741401,-776.9455919624322,-1194.653001546283,-9354.922026746215,-2907.7562429960126,-3330.601785754381,-3119.6392261672536,-3396.2631128096373,-1259.786673130205,-1082.8628722144151,-1056.6887956365597,-5188.402748684871,-1637.9538968171162,-1301.1781835264571,-2252.3458965128357,-1662.4426075982426,-899.8427800448601,-261.9087826711384,-503.7662730538141,-530.1796979744322,-427.4113144149437,-263.0171077541936,157.17349602320928,-1363.3028831505446,-419.01071743744683,-583.3685151423347,-363.99887874229944,-1384.3257078249997,-548.8339008014134,-717.6512428700921,-120.91579232511754,-5782.320647281395,-1625.0700279588257,-2349.643950399718,-1810.6818970944162,-966.1932147723344,-165.05012711211634,-153.77311081528433,-650.4452050165498,178.63354713266187,-36.877219794391294,77.13481187722073,135.3007268782642,-11666.542753643576,-3810.7952730240822,-4222.755267263705,-3636.067441527298,-2353.0286230874644,-1073.8497971886152,-756.0639947200693,-526.1900593503719,-34758.68884315456,-11650.739840523062,-13502.009772867166,-9609.01445793601,-14144.50330933069,-2509.550662836068,-7251.098112732333,-4386.929761933647,-9121.81097012233,-3203.2692684076865,-3440.5869708836744,-2481.029959002586,-5924.418927001216,-2207.6498369909223,-1724.978105129365,-1994.866213052392,-2914.1510640552297,-1155.3303598127443,-585.699507654007,-1176.1964247600392,-22656.437224042256,-8349.447644920047,-7309.172254243701,-7000.892553049987,-385.5036044892138,-204.45663358067054,-40.540823410984785,-143.58137566918163,-17359.255835132415,-5272.070075687703,-3575.3398418057177,-8514.921145810587,-7008.066433520552,-2531.975479794133,-2104.1944089285025,-2374.971772969463,-2558.927377486153,-1174.11275467474,-537.1075100465746,-850.7823409363473,-4338.4490443651475,-1859.2838676535596,-1915.256222270036,-566.9841826131628,-1446.371286057093,-314.70562831350094,-495.7726806580174,-638.9682052571898,-125.90393092023987,8.629511099263482,-65.74652532416576,-71.86214486693461,-2107.478515322591,-405.17189048037903,-432.36854690842006,-1273.0133061053455,-29588.988350924883,-6615.03260348324,-13142.41672998512,-9834.614245628129,-672.2410194783315,-336.51637403251357,-361.09664522094295,22.296771603611887,-3993.574901842295,-1453.9857271943367,-1167.8893862842272,-1374.775016535313,-1518.4616840716214,-603.576153308542,-198.81900195214394,-719.1417569825246,-2773.222312903684,-463.3537873020832,-1805.1431697011492,-507.8005840720489,-79.6766558841673,31.938834272459644,-27.59943245871409,-87.0912858695151,465.11393848202647,273.4599242102172,86.32745137992197,102.25133472037874,-8377.291152457765,-2975.0333483750246,-3404.907868546431,-2000.4251637079008,-30473.23761361122,-10020.57646522089,-13503.710892124811,-6952.025484437016,-12.59785488747957,-14.09173278103276,6.505583700028865,-8.086933978086108,-304.7569774998026,172.42632865326857,-127.00140974944338,-353.2571245751203,-13189.79796220206,-3508.1748661032225,-6027.7733842592215,-3656.9249400111185,-33283.79048993381,-8025.425266916817,-15486.651026430709,-9774.789424757653,-5548.82472641366,-1344.3962067249252,-2214.4324831494614,-1993.0712647109265,-738.0949110699166,-96.48717206047513,-482.3038607546282,-162.37910642640304,-941.4514714895638,-430.00630327296017,-380.05437047504415,-134.46602591311944,-3094.9569809270006,-956.1811650798879,-636.8453148403144,-1505.0057291783417,-7047.750323885056,-2552.226775080988,-1699.3163240490087,-2799.282452926669,-10580.568981799473,-5409.066921573776,-3008.599322034821,-2165.977966362465,-39659.435840883634,-13202.706916016332,-12567.819220593918,-13891.984932444824,-4473.249953899701,-1613.0457284027063,-1470.1609180058138,-1393.1185356628755,-21315.684929072213,-6440.014609073931,-10928.21287660361,-3950.532671566265,-3447.3144061343446,-1053.0799471822145,-713.7494925619105,-1683.5601945617811,-2780.6317313176905,-1391.7095902199565,-745.4854779686002,-646.5118913007072,-14329.435220703437,-4711.7153627027665,-5028.379243370976,-4592.415842801255,-38.72145945587272,69.1473984494819,-22.936431357696847,-88.00765471915179,-38.57260981773493,-34.53693920091155,-18.341312459854862,11.230413671463793,280.9217762459631,56.457639610678825,61.9659450452848,159.42296341843416,-7277.178670579794,-4163.69042603869,-1492.9149301885543,-1623.64854252414,-492.5952762913546,-74.05438504399967,-26.725268647365283,-394.8908507715346,-3164.4327831279024,-1066.8129912784996,-1670.1783681896206,-430.51665183126465,-15242.9978743324,-4016.0145403483393,-6139.435969246905,-5090.6225929087195,-532.5097770754949,-264.3980776011995,-80.41231492181987,-190.774612724113,-4447.269054151092,-766.4205487936065,-2226.9294688212094,-1456.9942647078449,-53.3939009014498,-75.63861401359281,7.947421846259431,11.222063094391842,-290.85166216231505,-115.30720650338822,-178.58053153927472,-0.039152291114533,-341.012952479786,-93.43233109331118,-249.11823547225617,-3274.1874291004788,-883.8520361804469,-1031.0295466541531,-1362.3810744374275,-1780767.1321760602
-446.750512401009,-349.8933032554835,-47.48838758968509,-51.942270731278995,-50548.654489314635,-17543.649523685526,-19023.518690565284,-13984.059724239201,-11858.22597608773,-2920.910850858909,-4279.74137923133,-4660.147195172932,-2813.706608535442,-745.7155001702126,-872.6593726825529,-1197.9051848581382,-19530.080103277964,-10473.26301036031,-5094.1133645847585,-3965.277177508334,-1750.1884971099332,-646.1833494233067,-450.69508779700095,-655.8835090651473,-303.4226928569349,87.87982529349006,-196.49833895618553,-197.37762836977072,-29351.904305257794,-6675.1198252109425,-11259.388425418398,-11419.969503803923,-2108.5870052897726,-527.1048824931968,-893.4672650598066,-690.5883069122174,14.394237462627416,315.57338960502557,-16.230640279620502,-287.5219610382171,-7216.74309062327,-2098.007569296771,-2902.1796457186483,-2219.129324783248,-4126.607861708993,-639.0635112499954,-1877.1413075676635,-1612.9764920667988,-7085.2004522009165,-2958.676581587566,-1242.2959785693636,-2886.8013412194505,-323.18840030331353,23.64388440764992,-172.87803815689176,-176.52769572952775,-5718.846457575903,-1795.9434859753403,-2637.8985129602934,-1287.577907815705,-1056.5205013288535,-197.85723535501916,-229.1124510304544,-632.1242641188403,-16735.564497518113,-5950.198148627057,-6553.766860717665,-4234.172937348876,-19281.55403830395,-6793.745273293273,-7100.533837171931,-5389.848377014215,-188.46963890834968,73.50059134403205,24.602193997595577,-289.1458734254695,-1555.8070261285795,-699.9146201818717,-342.09745807469017,-516.3683970475618,-594.9232742053277,65.63205364835471,-235.95322984962422,-427.1755471794984,-2226.739504153262,-341.39045150378433,-1080.2435963591681,-807.6789054657149,-12799.806180106789,-3983.113335542419,-4980.532577879027,-3838.733715860908,-13602.85812775098,-4787.792666782384,-5185.432541538441,-3632.2063686056426,-2195.6416801304586,-1383.830751153526,-1030.6799116663663,216.29553351391917,-36126.90141876848,-7042.8217294035885,-15601.055525127633,-13485.59761341278,-24635.15560390191,-7751.091288344695,-10270.353275564814,-6616.284489168115,-4192.685063383585,-1790.3162619681914,-1174.3576995057585,-1230.5845510851143,-674.1027042945859,556.0971847331197,-799.439037806635,-433.33430039653535,-3563.3950994147335,-920.6606895196753,-1717.3594574893275,-927.9484015811574,-4503.692779896608,-1574.303012496813,-1943.3340941703566,-988.6291224049094,-4625.516616149976,-1797.60685024106,-1281.788361300962,-1548.694853783377,-46296.4838903259,-17321.21389298332,-7377.731109408412,-21600.112337109593,-4458.498390384048,-2043.5698005851793,-1086.721399486318,-1330.7806394879942,-18473.45177097256,-7152.353834853252,-4923.463274067502,-6400.2081112272845,-3244.0182108804747,-1720.4962315800233,-591.6115458279321,-934.4838826479506,-7463.190348020232,-2310.7683039131743,-2593.9436014102375,-2561.0518918721846,-2683.9431319447212,-989.648004268962,-851.1647550885809,-845.7038217626232,-4241.190330568246,-1320.6595787803642,-1065.8079030367492,-1857.296297926557,-1287.3596507054433,-695.3980699019285,-203.7399160956645,-390.7951138833207,-399.21913300093297,-317.2739642112688,-217.69000925377145,133.171391288696,-956.126743187511,-300.4082807233865,-412.10664529894166,-246.185266340618,-1130.6476026509165,-442.29613946945847,-595.5693453343079,-95.35556702265944,-5000.084921023211,-1399.6537126693354,-2020.68640451025,-1582.3182530190936,-658.7387950255561,-68.00582740833033,-116.20215837615183,-477.104258416575,153.47742231468192,-25.024627439158394,62.20268993597392,113.72591064240123,-8669.145862327641,-2703.023104494574,-3168.0647945605697,-2800.6314124479313,-1919.800841984593,-851.0126326401576,-658.5403942385176,-412.8212642813962,-28742.00741968141,-9640.421530347627,-11179.859561486743,-7924.299777022571,-11732.975602202914,-2050.8897923337518,-6032.544246201497,-3652.115012842968,-7247.3424028074,-2568.8347337482746,-2726.8561576405655,-1954.224960594073,-4804.801934368541,-1787.641404563252,-1408.0531825988185,-1611.6807963818726,-2284.5514937410017,-896.1255554341963,-441.28906084966775,-949.7103266326055,-18630.665707519034,-6892.95988932459,-5989.533648590802,-5750.745618779027,-321.7619270595542,-164.35427201262632,-32.936545102558966,-127.04455911988452,-13526.315045967702,-4175.326201550971,-2701.317917007147,-6652.244376585088,-5646.646775270806,-2032.7334484230657,-1741.5127795256437,-1874.973996497543,-2046.7903408934437,-911.4141408682319,-441.0563748275897,-696.893274373039,-3638.151753185407,-1554.9438595612235,-1597.2296460521468,-488.55169674752733,-1184.1191226204053,-265.9643043055594,-392.1354981513839,-528.5927693389731,-29.13192039739829,45.685521667382545,-50.43643123867673,-26.95446000159427,-1643.392047362646,-276.722884258415,-349.2982372127144,-1019.9443750669786,-22723.19423437153,-5028.905234806706,-10116.668153533812,-7580.194295206519,-515.9733192193924,-284.7846014795289,-298.12038541133984,64.35821849605486,-3048.5497147613514,-1133.7709361065342,-874.2209627881005,-1043.131265042194,-1153.1017862214055,-465.680255398044,-123.8600508793686,-566.1349291194783,-2028.8914627377364,-270.7659667539767,-1436.2282828239606,-324.4706623352881,-70.17815659862504,30.41311162841771,-31.054549431527676,-72.11016797101297,419.7151636774963,249.0091319922617,62.91841235300171,105.21417015682005,-6725.470776859398,-2405.7982948459176,-2687.5451766814585,-1634.7007545075123,-24660.301585667366,-8125.56509887302,-10871.971916041832,-5665.3380199279045,-7.127492646468681,-11.328772432705591,7.019811282279079,-5.391980671544843,-267.0839149199885,134.44406358297374,-109.36978585322322,-294.73164182514574,-11087.48533977477,-2917.702605162708,-5057.78113120434,-3114.5750525831454,-27815.451373304662,-6696.7185135510945,-12993.396867672163,-8127.90944125672,-4279.260270466343,-1033.8184080270664,-1726.5661636772163,-1521.4491479376009,-561.8457797513915,-88.7184254906283,-371.9649927333535,-103.73581070289129,-750.4315857918311,-344.2865034094359,-310.31925219593086,-98.39927936192498,-2353.81770733388,-701.8932040769396,-457.8291779868148,-1196.6687744455833,-5759.27266247672,-2083.113517966366,-1364.0544436935922,-2314.6781499922527,-8617.242438531177,-4400.209571289087,-2440.521817956309,-1779.0844984612565,-31100.11887946185,-10184.972093543527,-9871.466459133793,-11046.253775959887,-3293.4695505085,-1195.0418287690798,-1066.9514908113194,-1034.0496801036631,-17065.02499737144,-5167.113943445282,-8800.281024402802,-3100.203478698886,-2792.845268669994,-861.7605885748446,-575.374003045905,-1358.2841262247077,-2198.4687297627524,-1124.798246418897,-595.1238983800272,-481.12003413929756,-11613.949281657246,-3845.5831547425723,-4053.051458115291,-3717.888117974834,-7.946667144267167,54.77315015097224,0.6178632759979337,-65.91112974664452,-19.901466106907037,-19.80188064490426,-15.813039829050467,13.140005191580258,258.209094714706,49.63628306543592,49.22035121411659,156.7790112596897,-5893.086363189147,-3507.9819105460056,-1067.6334998825262,-1320.0444019360923,-401.56146287495744,-57.6921107184869,-10.587933883506594,-335.8548674484082,-2596.405452340773,-874.9176373457055,-1338.4396462272427,-385.62161794322924,-12387.137126981987,-3260.0261018648116,-4984.119408472628,-4145.565065820009,-454.26514432056933,-236.06577768192437,-63.05184856206938,-157.72096725209576,-3692.6091180633957,-621.8576124336034,-1838.315418833314,-1235.009535971952,-40.931492112660635,-61.69909170246342,8.867394045984156,9.326756368413044,-206.27408569815043,-76.99876382033335,-120.91556279459269,-10.933208258606328,-277.38403740869876,-75.53612511721713,-203.13463687921626,-2538.691856854409,-674.1779638223604,-785.8609766911679,-1081.2263655163272,-1436265.8377805576
-284.44578973476587,-244.93028699893102,-17.92540216384714,-23.595615362683247,-37533.266876835245,-13085.522684771733,-14143.909413735877,-10305.840293118303,-7587.171301490008,-1756.4837299301691,-2745.7995634787176,-3086.8935228718447,-2004.6623563239311,-513.4128335730898,-607.5813846025633,-885.6736529390012,-14124.367197675358,-7717.274541874286,-3676.2799513513737,-2732.8182192404283,-1125.1210438122405,-411.2291926617306,-258.0884029052711,-457.8089630360064,-134.19656045073793,117.47028366925497,-106.59779050879115,-147.07456840197142,-21874.58250511894,-4954.0857392356,-8433.206403940394,-8489.295876733655,-1445.7826214445079,-366.52323033204493,-610.782237805262,-470.48266809790357,155.6315689994383,311.4563222121284,14.187445361273376,-172.01771336466754,-5580.640730663842,-1645.3712215542462,-2231.9154385320408,-1705.359585368233,-2952.569618983959,-430.466868420257,-1344.965997511011,-1179.1422678434058,-4326.262207424217,-1891.576131598417,-629.9973143059285,-1806.6942763105733,-204.9992773673796,28.851327841436614,-109.48937182375607,-126.36674817577614,-3881.295553627895,-1260.9883891852398,-1803.318499109923,-818.9941801234393,-513.9832546471036,-79.09252138067518,-87.8268936534439,-349.06935440369944,-11019.242191270243,-3997.198422644896,-4185.5193021328305,-2838.529981283202,-14179.295687370348,-5021.333274857549,-5198.317179439065,-3961.6507478644753,-75.47059251182509,100.34625894757414,28.703132728350056,-206.52549897849576,-1130.269230524217,-527.0914593215039,-201.7795409291557,-403.403745064335,-227.78933759829556,82.2074532197446,-77.69586466350142,-234.30644094523632,-494.30329222504156,114.50587367418075,-384.42428564853276,-226.39039504135985,-8223.604290127008,-2570.470256637369,-3154.728065728925,-2500.4114825515207,-9837.314640051269,-3483.0186949449007,-3740.520545586348,-2615.7809143107497,-1118.4381606281056,-849.4034289858826,-577.7054151071229,306.66516867415226,-26851.970454465263,-5205.9657315928325,-11618.91214640415,-10029.098091259053,-17365.221187729723,-5607.936273912938,-7127.0199811380435,-4632.270447469657,-3066.132922557669,-1272.6425026781333,-837.7951589594413,-957.7007757108229,56.79655301196112,557.296428951631,-326.9862918070032,-175.5190989233838,-2690.272246049386,-681.2916002742486,-1306.4086786630553,-704.5774819027752,-2487.0377296958914,-754.8824277177091,-1173.99339222177,-560.1674245471347,-2656.715814331422,-1035.1993792507926,-695.0317648777757,-928.4901849935306,-34314.55522014909,-12898.78856365633,-5456.982924204649,-15960.789247078754,-2946.1456220480177,-1321.8199224397692,-708.3246193374073,-918.0065950615483,-12239.810851324444,-4741.50274579526,-3212.990064382292,-4287.3235559376035,-2085.428018653438,-1135.7382173735693,-314.6668266553006,-637.0284894152717,-5499.195915340465,-1701.6823405137277,-1917.4890109653873,-1882.0300786519986,-2050.484640098921,-737.3392474421858,-666.4627238480218,-648.6881835994186,-2586.5533388233434,-847.3338584132318,-547.4640587529557,-1193.7609364478642,-883.2492331901065,-513.8023563908819,-107.28652614565544,-264.1658654442924,-217.78971721098446,-205.8557368206857,-137.00385676407586,123.0643615830952,-573.6287751669345,-177.16339648336702,-244.83177320509344,-153.63912026916796,-778.8049119058896,-314.2210575675126,-427.0564444655263,-39.53292466360699,-3662.583827304259,-1044.6734680179322,-1482.5776557836577,-1137.3382182933954,-283.98869034158315,43.08215821725389,-55.589335604195185,-273.4870277453831,157.48080820357245,-9.552711853902338,58.64574753067836,106.38225773607473,-4874.56413941064,-1364.3715836648992,-1687.3916305456448,-1824.806439990792,-1186.6751814495226,-542.1747575978548,-429.05203105766213,-217.45390758474537,-21443.987318791907,-7180.876274748746,-8358.792051449649,-5906.324507384286,-7662.147868028095,-1320.4602603718129,-4039.9416590428245,-2303.7514634040454,-5709.407741021433,-2019.6046398018086,-2149.519293885788,-1542.2893221245847,-3479.034984443393,-1277.374089378047,-1006.0395416355875,-1197.6268682204143,-1510.0696207404314,-608.9130304818898,-247.29419295865432,-655.8679120906061,-13768.67347553469,-5156.114469441575,-4427.372343324988,-4187.192177558795,-203.28922603260708,-105.8975755881795,-17.724535981381678,-81.67262925380373,-8561.20533174283,-2560.4352803665424,-1559.757641513256,-4443.017924653805,-3645.040387424383,-1264.35744783952,-1236.616955493698,-1146.0714988818906,-1463.2181108223724,-656.2384108123456,-320.8877207234136,-488.0974940772983,-2067.3614904275373,-908.9630611545806,-979.2305188859284,-181.17342517776956,-831.4580026656208,-175.34135470858746,-279.6902045752072,-378.431958172574,41.16800319709205,62.730688618814156,-31.184933958527836,7.616733746069485,-1090.71548095932,-172.8191199397429,-190.79041631326322,-729.1114594970327,-15592.83953006493,-3467.213803742441,-7015.404751132161,-5112.22648998109,-6.508351129178209,-64.68090774574875,-79.13007743810408,135.297119263985,-1846.5751090086044,-698.0728533782449,-442.63011375014,-707.8776566709726,-626.724954175181,-273.70254602083014,6.1202788538300865,-361.1482017989222,-799.319872027055,113.16047161593201,-850.3291134828112,-64.15674495090457,5.519412462829905,43.07248786863806,-0.23190228751764153,-39.32668790903949,587.7545945211036,296.58625718452106,144.94498825874712,144.21783428715162,-5035.220825818269,-1812.6179670783843,-2033.935443452782,-1190.6729300778304,-17422.157163120504,-5880.65914562382,-7568.5523265081365,-3974.9512057792163,-6.53445057809563,-8.63455911109395,5.1960241744145605,-5.101430432164079,-34.6674212333171,170.05200674456182,-28.75508241205557,-177.96986035650207,-8227.066982013657,-2156.0146401903885,-3782.8423779914747,-2290.21547862248,-20852.836286250345,-4993.879332346725,-9779.145645144428,-6081.816823549812,-2612.9145478026358,-581.5625074787522,-1079.2104329287984,-954.1471221858585,-257.13965418229077,-24.34939375640556,-198.1816055548768,-36.61416966175011,-578.754849586669,-269.1676978596133,-237.06697709234027,-74.52568942542734,-1221.2584081175153,-288.5380535187767,-162.198521648324,-772.527347741129,-3390.5669326675734,-1145.9021613102484,-738.6202068206937,-1508.0500793273902,-5614.825605926231,-2927.436714702849,-1501.2008150825257,-1188.1935909315796,-22740.20268898556,-7339.575993368314,-7084.9692966672765,-8317.66291374062,-1927.2139102265025,-720.9682115661319,-590.0533827602849,-618.1978306908863,-10951.286682522563,-3138.8323736876755,-5682.222317546843,-2132.2375060788045,-1986.4214325633204,-599.0000296071598,-403.39920743872017,-986.0277103081678,-1499.9146922328616,-764.9841732989194,-398.1519468383576,-338.78408688631,-8052.10425124503,-2698.2983429329506,-2786.948972932548,-2568.862450170246,73.89924704775171,71.20911216170634,24.61913691641189,-23.934516821041598,-11.447739683359941,-13.982514059872756,-12.88692182416662,13.41618140995638,411.8972341711012,89.59836652223612,102.16554756453024,218.12780529362203,-3845.5491529763585,-2541.5851501357465,-432.8319613283511,-873.1375563030031,-241.14698249388607,-27.116100345120685,19.19940944383734,-235.23580638330645,-1330.5794657003314,-421.5920442053464,-747.9896092322051,-163.00332705346204,-8372.94267129864,-2033.7527862203399,-3445.7830743663026,-2895.4123255027134,-267.76368782566783,-141.92818233338267,-42.16796912260611,-85.67305116044463,-2389.4755820289965,-313.8501405930017,-1228.2636211005386,-849.3673351261882,-22.06312472885861,-42.10650998385813,12.834452860228112,5.20341760409292,-31.59580689739414,-20.596376332443015,-49.21282254911398,36.20787719350301,-207.23528393797687,-56.73537431420141,-151.50266701914052,-1529.4688583807413,-397.32225328358004,-480.59767886385043,-653.5544410240184,-997115.7859375253
-159.13132195193862,-164.4667950193218,9.29067394147819,-5.5214672220613465,-27275.87338903034,-9458.61524147804,-10362.833871489049,-7455.990542411185,-4739.365348086976,-950.5749376958868,-1751.1747279965082,-2039.181948742572,-1351.0375450877857,-358.38012702919673,-371.3758138201149,-622.847870586462,-10017.422727611396,-5567.695765847536,-2591.025579606214,-1860.2676485056243,-678.4051260896047,-257.00744903040186,-135.87532896607877,-287.08861444114336,-39.678149602637404,115.34790617522822,-61.1260228283852,-95.46629929749929,-16535.924933803693,-3728.395150976554,-6336.7636687171635,-6472.332380457953,-937.7584280436383,-244.02984964016673,-395.19123188841763,-300.1036128630242,207.8067377139165,290.2630104432616,25.881721709291014,-109.90426078661153,-4256.606697795795,-1257.8501665811475,-1716.1366092085193,-1284.1861883540876,-2155.657119594651,-322.7643927530421,-961.0443906290732,-873.4146025605162,-2781.9331596236443,-1292.8106013335712,-238.48788306642086,-1252.2009415716445,-111.11598910279054,27.74683568860314,-61.868226070568426,-78.56086506881138,-2518.98825936065,-841.4060348205712,-1181.175169636893,-497.97332125115145,-189.153490679558,-16.490180573794305,11.874764722583222,-186.10434117632053,-6682.2007699523065,-2534.781625415042,-2391.217117680487,-1757.768293204754,-10666.10074151545,-3785.620898520063,-3892.6151361785423,-2989.4309731648536,-16.232051118403433,88.72640205296352,29.821385069076996,-136.34610458845373,-832.5839856156788,-390.791012008385,-138.55128863959317,-304.80795131572245,-5.391618198748802,73.82087065778614,7.377032290476109,-88.15578749498263,272.7309413452772,298.88205636940825,-80.14015274437656,52.42277137229962,-5264.059764592732,-1668.0390554330022,-1958.2315466220869,-1639.3554288856856,-6998.626175364807,-2509.1878478729313,-2662.2064334178385,-1828.7981604220265,-575.31973273573,-526.0416116778504,-345.20018229620973,294.3557948903249,-20057.687000261783,-3904.1787092041886,-8665.670189312154,-7489.404368093453,-12426.672081962099,-4050.200495802528,-5109.660584324407,-3268.3772681832743,-2279.3782064457628,-943.058374400033,-615.9610641977026,-721.9250341960148,356.8484201605967,556.0188271152296,-136.1276910813733,-64.60898222124229,-1955.3060034098341,-492.4308510450221,-968.8664285813695,-495.57499013141296,-1353.8120699229246,-357.93175097059384,-734.21149815445,-263.23508714586,-1541.70484018699,-571.7267104814475,-373.26252178489653,-598.2818742686131,-25145.022135622927,-9414.78930903246,-4036.1718549345624,-11695.62723800385,-1975.64154282527,-860.265899165018,-481.08655301953263,-635.8553569886901,-8366.609243885005,-3182.0548958844993,-2196.8737714377885,-2989.246842910704,-1313.9012734364276,-731.7764531393559,-156.96597718222824,-426.7251094628175,-4023.911108548461,-1241.0074788700447,-1346.1554993710067,-1438.314396655351,-1507.3429381952126,-543.7678483966308,-492.81663004767984,-472.32472609887895,-1610.8219893966773,-532.1032694888206,-290.99302666901394,-789.2919595868225,-515.5657902725352,-351.07700375599507,-21.065660807918903,-144.98939205660486,-104.77577745744725,-131.15328452103995,-88.22641940373,113.03766011936318,-404.72895547910457,-125.03383522212789,-161.53029313773095,-119.73109346721708,-510.63865304619503,-217.30247359612645,-283.0727328926059,-11.82971290547107,-2735.328562433261,-774.5530507580797,-1126.9196201913207,-835.4221578318527,-27.181530784917868,105.6450234892161,-4.206153655615481,-130.18666696651712,137.6762743567665,-3.2724620112182947,48.310759900413586,91.07171011958371,-2656.736765278445,-653.9734535212199,-828.9955933778617,-1175.333984727312,-631.8894878171689,-319.1207168135279,-215.92679142859288,-98.40824592305444,-15631.247801077161,-5213.190154140542,-6159.866333067591,-4259.757580217042,-5176.7029841172225,-872.9784560706746,-2793.0703417873874,-1512.2204526070548,-4358.532541801295,-1547.3642685384696,-1645.6371127920568,-1167.0974268187795,-2358.962948396086,-843.7074063615842,-673.0517167039552,-843.770091678497,-887.2022795040618,-368.0195401223964,-124.13256053783311,-396.6164451918198,-10198.285875150958,-3865.9811849051966,-3253.544630253834,-3080.326326339872,-149.69147796870243,-78.44219239554104,-10.112379059927434,-62.70317286124828,-4902.139781366342,-1314.4158144634655,-799.9321382040966,-2789.3580950468013,-2369.2639343900455,-816.4185600950564,-855.7959252178091,-698.6157154251644,-959.3764584779517,-420.7393760698651,-212.19234400541268,-328.0110047506423,-1219.241657041686,-540.180520432122,-644.5405889347212,-36.08681402283969,-628.4126288385853,-135.76151832429878,-210.66400826341146,-283.55336859887916,51.714785541729725,53.48163971424856,-16.111191104922682,12.778070584408624,-751.2777000457777,-109.40349797959038,-101.38818989653032,-542.0522785176436,-10381.324790109122,-2301.375681837264,-4720.914452772949,-3360.600921846936,211.12500038929818,36.22497937833805,6.452985752204995,166.88076891077958,-1267.3150546835006,-498.01867276501594,-286.6356129242315,-484.2270353422475,-353.9156956319216,-163.74129828727428,57.45081762578798,-249.19148131843508,-32.70027550177156,291.26618472346513,-425.0578404306175,99.5251138573808,62.022517477483916,53.955875848169626,21.698535815288324,-15.19816053398472,654.397625477747,303.68693439123,185.24074221547266,163.9036825230794,-3802.847304468706,-1386.7181210825672,-1525.911260729181,-891.7841890049506,-12432.355593133023,-4225.032067746536,-5417.625925479765,-2791.2638662546897,-4.1081175008321225,-6.870016504063869,4.151315948005276,-2.9556832927855794,115.68134254635538,182.31674656632072,18.930853507871007,-87.13252387580019,-6047.163164693925,-1591.9067392280365,-2784.7247691644516,-1672.0979226494035,-15684.484714477445,-3748.487865574375,-7369.577746060774,-4567.98536919023,-1843.848829569453,-370.735285479494,-781.846685385015,-692.8331250529707,-83.60170592962777,16.059718441875248,-83.61057394470504,-17.617116774797978,-453.7336792893218,-209.3611935528395,-186.39534074483777,-59.5434113396218,-674.9435307169952,-98.49980564715361,-36.09417501436633,-541.9158164034566,-1915.8124205661027,-622.9592806399567,-362.66664194891064,-931.7527643252322,-3552.541194982088,-1941.7847447577853,-863.5014709204268,-748.8212456518734,-16091.519555154971,-5076.288045259894,-4909.568352704631,-6107.229423538404,-943.8930047602087,-349.34602802444306,-261.48362784414826,-334.6296152396583,-7052.012506024158,-1966.5059929299402,-3722.4123638371693,-1364.6604156050541,-1350.179786308244,-377.96758262115304,-272.4645010481049,-701.3139689869772,-1026.4981651590886,-527.8885218926528,-262.08673892143133,-238.08917069298923,-5405.04366440502,-1838.5140569835924,-1836.7505976455539,-1731.3452761238575,80.43851054633706,65.74648979577069,25.946128646851776,-12.820374244234927,-9.564253734685735,-7.930129795153789,-10.300133176906229,7.099742889381105,491.3975995313226,105.49859193509837,131.18696223274537,253.14577901549626,-2426.0336104974494,-1815.3563842334195,-33.534717169202395,-578.7087754428251,-150.1495151724821,-13.833853157973408,31.702875828372953,-169.58480419085367,-648.211074123813,-194.4704915719442,-406.78826660975596,-48.51858229008667,-5794.931865830556,-1327.924900945741,-2420.5834484474326,-2047.9897827853845,-189.25575337879104,-107.38582068827236,-21.140907697058537,-62.29529134148038,-1560.9940944202897,-140.92146078219685,-846.8080069537041,-574.8308930323819,-12.846722981459607,-29.580971387217005,12.92441036248465,2.243571695315268,53.75387426268321,19.85950652251654,-27.342468201802376,59.67056959402248,-151.30100632398558,-43.18106476201456,-108.9030747359709,-936.6680029853135,-213.96989253501033,-283.44200961359934,-440.8223671846788,-690059.6876435099
-50.07860715895913,-93.70969264524456,24.723553255101024,17.757059392606607,-18546.821542983165,-6455.409451970354,-7088.11959570001,-5004.442968151369,-2223.2705586125485,-265.86061873958556,-815.9111470992427,-1142.649265612323,-788.8055931704855,-203.4102647294792,-208.3652486989954,-378.1805525806053,-7150.630750711248,-4043.9513270451007,-1857.978976942053,-1249.8509195626823,-348.10839942420876,-140.32012002668557,-37.851495410899815,-171.08725682523527,18.17267536021791,95.57902349727124,-25.021025111008612,-53.53579586465867,-11486.901080230518,-2627.8201540192467,-4453.197811586123,-4407.033587463732,-521.4864914013251,-142.20628349693175,-216.33947386017167,-164.0912068828004,270.8471686655919,261.5787077928936,64.64669950992652,-56.528711475814134,-3031.4520924349727,-909.5437047703801,-1211.9528387711218,-911.1060217320453,-1454.7888186539005,-194.40079593438963,-662.4025633091558,-599.1359322489413,-1402.0725657188098,-746.7519573116822,52.523666417124105,-708.9947476628281,-50.06393317236598,25.46807775889556,-30.059996875711477,-46.62248689414264,-1439.0672461180313,-521.532195242344,-684.0929833715506,-234.59254034271885,2.3349226040361373,21.707786745101203,59.63818549707162,-80.16152247672017,-3635.220616411676,-1421.5731786784752,-1233.71278803345,-981.0851225383346,-7413.231824356883,-2633.0849514606834,-2716.9135744007563,-2064.3837713340463,38.02698413480357,82.47546929775103,33.039501438662,-78.6384594402216,-559.2936026161447,-271.06501420779864,-76.07278682353126,-213.3062744234319,179.23995167946055,73.3698728359359,85.98668716589236,18.732918839049034,686.7785458444221,368.0725874674604,104.94013111022764,212.61535442816364,-3083.0100627176216,-1009.0972711706861,-1084.9409248847658,-990.122339500803,-4409.436156196188,-1620.8228284179334,-1607.2473445192811,-1182.5164560975657,-109.98722779131572,-247.53040970864322,-156.3088732214335,292.701582300165,-14036.11425838989,-2719.295444093281,-6071.110061570621,-5246.859225564617,-8098.39628798427,-2712.832756048393,-3289.846644544994,-2096.867360229531,-1540.7367028436267,-620.551148833192,-407.8583940503031,-513.4776327987224,621.2541131761847,473.1468240752813,93.98849816222469,52.968318100099395,-1343.1932167053822,-337.0792285955606,-677.5188420912043,-329.7456188571948,-505.2111683746873,-62.8125515052277,-368.07008734741544,-75.4790023606372,-780.9407780594397,-270.1616175116792,-159.2667765442825,-352.66285684205104,-17189.95440888565,-6503.549048401777,-2724.1388508742193,-7963.416982448226,-1261.921108937777,-524.0503902449539,-316.0575845605472,-422.9636069708579,-4856.172017036187,-1771.6420385796575,-1271.1876829935989,-1814.4927683015164,-688.5896923332032,-420.770330738364,-38.782386272151825,-230.18744816126673,-2652.991179075935,-807.6380930195457,-863.0869448615251,-983.4166140334285,-956.8369879357817,-342.5913435933787,-305.569692798691,-309.8264243822982,-899.3484153644979,-297.98031503779384,-120.71081814287982,-481.8077550224082,-252.160606233522,-211.29561229764204,23.155644109259356,-65.17111088373167,-12.38006794637181,-61.44450661274959,-52.65413533197329,100.5681011597776,-154.0027483262404,-48.114382456974,-56.10843845619047,-50.93040025165351,-322.45508610615434,-143.79584178901473,-183.26229889467277,3.4525817389255735,-1926.844745715193,-537.1648223774548,-801.6505834323732,-589.1798127439592,100.5550651825074,121.33420909131951,22.232466134683136,-44.16208288209464,110.38497524828449,-1.112434204138026,39.039067617281944,71.30786899654754,-863.1751693438425,-61.54891795271578,-201.17005997496767,-601.6066642547357,-338.9166937150278,-175.43369088312897,-126.11532290371247,-38.51815276679281,-11569.125022529153,-3823.829196596268,-4573.602627863037,-3172.8436709084626,-3034.426204860467,-467.5998892718153,-1696.7844558656527,-871.1923325615182,-3083.2433778517716,-1096.212569987939,-1172.5912513465144,-815.5900293559284,-1503.9813642795714,-515.1049820899382,-423.0768870236293,-566.9499680045628,-497.59681705700655,-219.6668003656639,-49.2051323114747,-229.87535721845938,-6987.668958049576,-2696.550210856779,-2199.845660438781,-2092.423559592584,-97.46044208052308,-50.03905946080272,-8.410268153121024,-40.16158730520942,-2340.8577204836984,-528.473934796943,-248.25273547775168,-1565.2815230476215,-1385.17204661348,-461.8381526816131,-571.0027900977557,-353.48157667270425,-603.7664658324816,-263.1659470375969,-141.81374933417646,-199.9372422992849,-574.9651455930002,-277.49230947851106,-362.69508219991235,64.0717732468222,-394.2789293915969,-82.20356540090324,-128.07150270720854,-185.1543341220863,90.45005879425958,66.19756935795021,-5.86013678044128,28.962153378155108,-429.0389644763877,-37.51984921583471,-42.67408735055801,-349.99550074858394,-6041.855433008946,-1322.3262310330867,-2788.542348557805,-1932.1373262566647,346.30151809961626,95.40520880913027,70.9390491725344,178.80678727937197,-691.9222779839242,-288.08098968235345,-114.44101542243993,-290.5507457177307,-136.95469643068827,-76.58246218954491,81.2899431214696,-142.81265020121532,398.0861086012535,404.74587117426177,-172.39178985153262,164.58155443992473,68.06256980937815,52.94289269195292,21.54236508644226,-7.573160807626891,568.8309645932949,264.3317854132821,167.21419674332515,136.13450959811075,-2605.0411091928345,-981.1343082096425,-1027.8453242119024,-597.211949609879,-8043.93156652907,-2769.7442514154227,-3528.156338760984,-1747.1814491912394,-1.76957029006212,-4.083486160229086,3.8131753395059604,-2.6497323079488524,199.56833210968477,165.66087705868847,49.87610955255627,-17.11912734013731,-4302.862553857403,-1114.0526728637535,-1984.2922716546393,-1205.6680821775892,-10888.627895265461,-2571.2449002829508,-5163.259043007814,-3155.2744248132594,-985.8420363140801,-158.15605097278444,-427.01786749121925,-401.8185906886913,46.65392242803705,33.15784582666356,-8.574546358693624,20.920150121465895,-314.31050908778025,-142.74470905289036,-133.23434308717447,-39.481929786298906,-243.1988308530274,27.875769041446574,68.24489201075812,-340.4699647438172,-1081.7150315497204,-313.2610410629718,-171.0048125985429,-598.5996507268096,-1974.4919352974155,-1144.5083456694226,-389.61499007202315,-441.51907239457,-10279.047040398156,-3100.8570622840307,-3113.60921277354,-4065.7312381791817,-271.82185162871747,-109.15497700464266,-44.78676882129821,-119.03057864140351,-3945.463706881603,-979.4154605490241,-2176.260579777192,-790.9381393940048,-865.003047710173,-233.0919251694304,-170.3746281179683,-462.68696726137136,-596.4780734291139,-327.8443271257606,-146.10305887287177,-123.68116026907069,-3583.3476570828007,-1238.0808993610324,-1212.8013028462622,-1133.615927714103,103.87655069946186,64.45949142554036,30.71503679851594,7.551549636838672,0.34760188704331085,-0.0029724864602940215,-7.377137876580946,6.577239411487881,482.2350359476611,105.66972858926829,137.86002753275943,237.5548069870474,-1581.228450438696,-1270.0153345226552,22.089013667309246,-334.4526024219481,-75.68649512334923,-6.297632845109547,33.2432922451419,-103.78262736196007,-170.8529974902333,-34.10033452771381,-168.73681546837474,30.833679667271326,-3643.190885154583,-734.1543883361187,-1559.7561406395428,-1350.430829017513,-106.99879104453726,-70.01423059010858,-8.792049337800563,-29.342983955242744,-924.7963699545178,-34.22498064166871,-535.1435475780286,-356.57831457342036,-3.8328490021733614,-19.2441558987357,11.194864873622919,3.065969184367077,103.46788953544046,37.22514372732644,5.824706233261622,59.26756673628802,-99.78172416085704,-29.097222567099607,-71.25973801305872,-389.9840106058225,-71.37508280403586,-107.29143285623968,-212.46796778413295,-436485.9527718719
-11.091402540063427,-67.46639655251192,29.54193617094552,25.844264054130917,-14434.586722542052,-4994.747234674961,-5548.324785983774,-3892.503495670686,-1444.3948061758422,-119.59068186848799,-433.5010378974807,-892.2918801972594,-504.57517274899647,-130.75949410281123,-112.67897650671489,-262.12549592685673,-5668.661016751775,-3266.6475386730535,-1469.0398073318863,-933.962464534223,-216.18015916009358,-96.03615704514868,-8.804240257906713,-112.32855564444094,62.52990320879235,96.87029314776055,3.4772747079484816,-38.806458434316255,-9224.46300387562,-2113.792205823692,-3587.4836317939526,-3524.1759600453634,-329.52991954320737,-83.05064792852272,-150.66953253470274,-96.79853286735192,301.3417707190239,254.39880622528665,77.62761558198804,-31.673444875628093,-2454.841941192837,-735.4533290134389,-979.8129337496373,-740.5644722171301,-1097.405512768809,-117.37903408397415,-490.49746828906996,-490.51780418314365,-687.3615069963628,-449.0904839771024,206.6875422506023,-445.9473590572379,-2.906541062586939,26.864678681729174,-10.619448669081294,-20.14056486261825,-928.107045086196,-381.0338961957043,-459.870339707237,-88.19160297062854,108.59583986269627,35.11690052891322,107.82573519133825,-35.33558964493136,-2059.8281096424153,-962.1148403809591,-552.8913086387422,-545.8107544100972,-5900.644498294974,-2092.8953058829466,-2165.322389767738,-1643.4155964316767,62.83439649108777,81.71184484035825,36.05612163133378,-55.92236376800565,-434.4323573559948,-220.49550688614022,-37.468631611073306,-177.45701264618356,255.30377978425247,80.18263282022644,118.06357334900326,56.06877982764718,933.6759729509245,414.1568795580199,204.4460237714154,314.08427583412504,-1894.310180964211,-642.7338501089037,-615.7702034116589,-636.7949212310584,-3049.858364431855,-1147.9313840086213,-1064.9283300086256,-837.9874442019859,172.58440993639726,-114.9992189890504,-28.00550849883075,314.6003436368968,-11174.632304098102,-2149.432678671811,-4824.213900533401,-4201.974518680316,-6019.660975652231,-2092.2013960867025,-2383.114736094064,-1545.3336372588876,-1124.4149929088,-432.4022975351386,-285.02482277800414,-407.9766663830394,846.5788206122027,469.86921465817124,251.69645088517655,124.02436128148383,-1080.1647963336065,-262.38985044632864,-547.2085408077862,-271.5551988668642,23.86150531261319,132.50574522408237,-139.3238819860228,29.690848287167228,-297.34269045111864,-64.53612986913936,-21.998616841118064,-211.79673752823555,-13483.722641554876,-5083.189662517768,-2126.3436308723403,-6275.178141952144,-763.3476821514528,-275.6042449970164,-195.81100863502616,-292.9212223067841,-2935.109845627464,-1007.2214192490007,-725.7010933187928,-1203.176126847047,-339.38364628081627,-224.09984230660575,28.18590942497258,-144.4585071865572,-1955.0165918534778,-617.4096205702538,-604.9551584630669,-733.6406066075226,-729.6176620422721,-250.70705692588535,-230.34173122525522,-249.55766767851196,-455.5425932703613,-167.20027400532877,8.186631254042595,-297.5177443064515,-100.43176872385925,-141.47128365478147,43.14539741010208,-3.0946762665605547,55.62568345611908,-13.533180989996481,-33.610661927679075,101.78073258642507,21.7024825192957,-15.263524135194302,26.928537259626864,9.048675607492896,-230.055241937172,-107.01407744257335,-144.57985562894964,20.54989734695755,-1545.571494017706,-428.2205344094191,-637.620280647237,-480.71947274843615,222.91118877684733,159.39406451554896,38.291709442386946,24.2366210315256,106.96942932688103,6.764636337635693,34.929581420122986,64.28641778173755,139.4687934604617,288.02549262025957,159.65780526477147,-309.2032982119433,-183.4490726260467,-117.85835501001543,-72.64443843131085,6.064927027881822,-9430.565749548487,-3095.6984325187714,-3741.8481282869943,-2594.0079825301264,-1977.9498575139444,-260.8112419588722,-1147.2764443020935,-570.8509650403139,-2401.100831447634,-854.7248140797888,-910.2247961239389,-637.1400150313016,-1071.9413304058755,-357.13921764224006,-284.88658308891945,-430.9043234620799,-326.09040870719286,-147.67101356741637,-14.680780084073149,-164.7274088430852,-5545.81645003255,-2161.4988242107283,-1737.107405640396,-1648.199013968798,-72.08319254323101,-35.64337251332563,-6.0834038970467645,-31.345209920256593,-825.962027028263,-65.4308822936307,111.55846093778837,-873.0783994598221,-934.5197060544726,-313.65887860269663,-425.5292591297589,-196.32036210939782,-410.67036264377043,-180.817190730251,-98.32451371951129,-132.5174519813811,-187.4504772969342,-88.70575084860661,-221.10247639004638,121.36895615433423,-298.6561105160854,-59.45262193057238,-99.575176034376,-140.61710633852863,126.13060973928737,60.863442247090006,3.4088270210604605,60.869546683752105,-259.5963509733192,-13.024913012894558,-9.387177130239934,-238.17305461756428,-3521.4896317755147,-751.2449036209505,-1653.9553185012762,-1117.278203440704,450.2713540779805,137.82579080780874,115.59615301440635,195.86061646839016,-281.87781083117284,-140.88794013634265,20.530936866068487,-162.50960134828892,-27.936081015714308,-38.52624195516046,106.3167089646463,-96.71534181259312,741.9144781564441,513.4090062158108,1.4525464057039699,226.0641317475422,74.26819667315795,52.76336088570497,23.691322678722145,-3.17528067866715,561.578451553949,261.7873048558521,165.41240361508085,133.38994929564387,-2036.0552726937533,-768.6359016242211,-795.7018799399289,-472.7062849169845,-5830.384895475666,-2069.341888043833,-2514.559603140492,-1247.472198078717,0.9572425176584147,-3.0544256724199386,5.014708421654859,-1.9918340189738046,229.86702912800217,162.30631795247746,69.51251708401765,-2.9405996958648757,-3441.008893677227,-888.8430061204601,-1602.7940749441593,-950.3606063999803,-8834.72772098654,-2059.468803493629,-4214.886514883266,-2561.361196397005,-609.9814823180566,-72.814677496679,-277.9259761948979,-260.2296224138872,127.53524199152184,49.51457560019753,32.35824316707499,44.67362943685839,-261.08878713060517,-120.86021835426527,-112.30048703032617,-28.91687553338761,24.047954015450614,120.51282110500324,126.32872372701786,-223.78238460394527,-530.2230154302088,-90.26736787754749,-40.597669034834325,-400.34677230521834,-1166.3284577570632,-755.6840113426488,-124.03967007542269,-287.59357012637406,-7577.933761682351,-2188.734300200471,-2229.416430212278,-3160.7718250569924,118.0503010823254,26.044464391921792,94.79176275424902,-3.774719851253167,-2465.2544257030877,-509.65937438464675,-1458.041206031549,-498.5426390742982,-614.2184640371029,-150.00360707886603,-117.10414577280812,-348.09950497281534,-387.3846118736028,-220.39403789858443,-96.33851869507225,-71.64084906732569,-2632.49038762946,-934.7466738390629,-898.5147788018237,-800.2177287759582,121.67143106038156,68.22751732225788,35.81583634765116,16.63928360311047,4.80096794541214,3.7881972461768783,-5.807385150080108,5.831362061926939,475.0459285086009,101.8481846539321,138.9777151546723,233.23123491261674,-998.5385076190203,-973.2670160239898,167.14628034713564,-193.40656572955527,-23.419361797165266,9.976886313287423,39.07863593996808,-73.46367783779124,109.48948460247925,57.3982844321913,-29.906566820023045,81.00897320292961,-2641.2337703158973,-436.8252208414608,-1168.025179258903,-1037.3721640029132,-49.39064537356626,-44.299518583778536,-2.0802124666811324,-3.9997081105066172,-630.6154069909096,24.476930248068584,-393.3842953096855,-262.6968357166825,1.2406856807581335,-14.169584556860627,8.987681569937195,5.433794880316327,136.72048479977002,46.28052988826994,23.135841179840327,66.31531994429815,-81.09149247472328,-21.05062764474451,-60.53526172367697,-164.8391576087547,-26.714844814634716,-47.88404122327688,-91.22906535822244,-309287.5816973968
32.0129627357087,-57.57774814074173,49.143819029113956,39.460316128584736,-13988.783648683235,-4767.110290871237,-5462.699434983641,-3759.9604985470933,-1722.714539168275,-246.46200620870422,-446.6518648787528,-1030.587243799586,-436.908165104021,-125.4660638721814,-72.55622565788508,-239.8724512927165,-5838.283396177231,-3309.2771147649264,-1531.7240413260913,-998.268815804978,-219.74700602384564,-104.13925797378033,-11.266379434404598,-105.32794433444201,48.74001727107543,80.3911271133993,2.843971929635927,-35.48165749073564,-9248.00434478315,-2127.40750327134,-3588.2433933717757,-3533.340023858799,-309.61619607981993,-80.38329011514611,-137.7515463831312,-92.46793530029208,370.07842289269195,293.26373415176784,97.0616343916256,-21.233521369455957,-2431.6648177016896,-729.9182770458804,-981.756221062891,-720.9768953116666,-1060.6966245306637,-112.64841559724687,-445.0769985268864,-503.95778612528807,-709.6644340501452,-437.19891357688084,199.7704320460881,-473.2225282381014,6.091993654529006,31.68454662331783,-12.098471844294409,-14.480656843254565,-814.9913457693169,-371.77860772064764,-398.1193075173742,-46.08000625004843,115.3087193996032,30.579236516872925,117.42133493301344,-33.67842776903717,-1757.3426903086522,-941.1150249370469,-340.51806705938566,-476.69617403097504,-5870.321921128051,-2063.7161137202,-2142.512851937996,-1665.079531188616,73.71946219460415,80.09375382862277,40.16575265540132,-47.52662000819987,-458.2211893936469,-233.68236509353915,-34.91202022903394,-190.61337978985785,237.46356683632246,81.72746789427583,119.24133317114251,35.508190052149075,854.3831603471717,399.46586096196154,169.30189981270541,284.6288238537634,-1874.108631124236,-596.1913130433406,-600.4850908584713,-678.4188029412207,-2827.1009593827466,-1127.1979407892056,-909.0416034278194,-791.8479908844802,202.73316198639134,-115.95406188770448,3.1906080980322713,314.5100400573036,-10936.987128107914,-2125.9573654793867,-4731.9551986177985,-4080.0611397295224,-6020.971940974746,-2102.713913481767,-2373.327800393152,-1545.9168028186257,-1108.773971657706,-422.44932885062076,-285.88147217583355,-401.4297463500129,930.5782065495607,515.4739965794554,276.3019442262905,137.8156900250624,-1041.3289956277615,-251.6416977704739,-536.2145878396302,-254.45928573640754,1.154262144264294,119.50907430373786,-132.37521048529788,13.033822607060984,-277.0914585987837,-48.16908982608925,-45.74867742315632,-184.1602670682912,-13175.212038048134,-4881.994749511794,-2082.792494320195,-6211.4113699348945,-702.1678074166314,-246.9186246782483,-187.47991912588282,-268.75583933125245,-2675.2971710504953,-934.522787033118,-583.2457739891377,-1158.5151857469966,-320.20339624729377,-208.3293423482885,28.84261536215854,-141.70324497991737,-1872.864788790291,-595.3340798278816,-553.072933644658,-725.4443510364931,-715.1295181155413,-240.7307814062733,-233.60584342991024,-241.77946899811514,-450.69172783319095,-154.88727386733945,2.7332320028538106,-299.52426168745933,-109.75876511869183,-140.55545200227039,28.628228698776866,1.181882466041543,63.87040293252949,-16.24470004518048,-29.629944004688014,108.75847126365124,110.36731226048892,6.422481761092058,77.79396526441633,25.1642895162297,-254.332115031895,-114.4727804979409,-149.71454221528052,8.868631962552172,-1539.307852073963,-418.2933908079883,-626.9565106519631,-495.044526332779,233.2882380923253,171.60537437384482,29.535044736970576,31.161243262742573,93.46594731859045,2.6465127371693598,29.964927674939872,59.867931187716295,93.15142058496986,328.7262561159639,125.53510929307959,-362.09652054282674,-191.60496779989512,-130.14705665867064,-62.75119925286094,0.306712392863119,-9570.296913154962,-3098.797707496552,-3820.3695930867034,-2652.1161882904807,-1861.1726291752118,-181.70055767394615,-1115.9529691868408,-564.5056780331386,-2417.852836542351,-858.8856481142302,-926.7665858090415,-633.1871783378567,-1077.4073357887112,-352.9904567778549,-286.87535348421966,-438.5281012453818,-329.8412519831611,-144.47910677880373,-22.55283373757993,-163.79588718553987,-5492.234365334238,-2094.7971347379325,-1736.6519056884706,-1661.7719006265813,-80.75976140994294,-38.86439952663545,-6.037653283020973,-36.844284319061444,-451.5849672068359,34.076405905366755,216.3658494240725,-703.0137982550584,-935.6470399407588,-335.32538225879307,-440.43086725453804,-160.8773661461862,-401.68017855556127,-166.10612376760423,-103.03976066585733,-133.52086984085122,-132.38430983194394,-55.44282920316937,-195.27954474017565,117.35148839263388,-277.43679214260555,-47.897577889386866,-96.45694972257184,-134.06884024941792,132.04308590413416,45.87375563273099,10.90697451970459,74.27578003293411,-255.13175852592553,-22.37754530807706,2.131943943352553,-235.87273287995936,-3290.7411690780045,-703.3611723193469,-1508.2317874568087,-1080.1347850206491,478.00106325573336,149.5516546330582,133.35868108370937,194.1041518202128,-314.7901943683212,-141.74396326257443,-9.310731273800002,-164.72207555072032,-70.36635266835765,-41.749108687859916,85.40222691180952,-115.00604661107946,950.8862482348165,570.3203139480765,106.71003259600184,272.86932597196653,89.52346409962706,54.08245238200334,27.438229397757823,7.016206601090516,582.5975828899911,279.5395262314686,177.36040587456705,124.71107506520434,-2046.0564540159555,-813.1455737177312,-749.3641267351227,-484.53332928186114,-5651.838253741402,-2052.969452084156,-2358.509220549342,-1241.3461568266528,2.3827824965687796,-2.9166647599745374,6.371453794720537,-2.0585822569521497,282.78059984999527,178.49741292954138,86.21387062511167,17.082740576590595,-3343.495748748818,-855.7270708795427,-1550.0179595088978,-938.7372940791277,-8783.772875376477,-2027.134280430734,-4195.294879937099,-2562.3302907273883,-677.7521242498813,-104.43103731894007,-289.8068293606441,-284.5008332890757,127.34369204758195,37.44551240073338,38.533360032699875,50.37824389537968,-255.1265066728222,-115.15266753093647,-115.38773066384215,-25.572684196796445,-92.71890449621878,89.57358279332539,91.78932708030129,-275.06839008859674,-472.28659609228293,-48.591907318174435,-43.30068141851393,-381.3805830743602,-1017.7263893832703,-672.276316050895,-94.68940120884076,-251.7472478422951,-7294.999542486667,-2118.0821341552,-2141.520410375446,-3036.3835736747997,116.04302542314895,-10.980018454784158,158.69865385195135,-32.662185692808634,-2236.826237103508,-473.2753109626135,-1349.7319298498544,-414.8055720098123,-646.3186348723245,-153.62902173796306,-122.85802645812964,-370.8181623949947,-324.3140918135573,-187.27907564762927,-82.19370096016155,-55.82789092452617,-2577.7112489813053,-933.2085111793119,-877.54984528609,-767.9394682346638,126.10262573280602,75.29039426358418,36.211167103362186,13.614488647117241,5.999966356844425,6.7314393095691685,-4.43263550004599,2.7145868285542747,450.1893523918228,96.79422632546402,129.53805684811846,222.87049349948018,-977.933235448718,-937.3899352893206,161.5394049132908,-203.0692807914536,1.9049028169315534,20.356026028067845,43.8743625175382,-63.31206144742623,100.93355941790333,73.34703132964592,-39.88276114278301,66.48271351228254,-2629.9568090063967,-423.77069584353285,-1161.9494815113524,-1045.2232073702633,-67.08168913600935,-57.46187112652888,1.8738968126838245,-12.480290540941951,-618.1083832628069,29.9334955204165,-401.3876790353056,-247.64077546668636,5.1138936580850896,-12.735124351524064,9.894147350868025,6.968294939998032,152.3926867412256,55.51110519195004,18.457246032934563,77.43775979759926,-83.77046304016994,-23.132075185822032,-61.13167571373742,-84.32442928682872,-15.921185844404818,-10.831783933191673,-58.55803522799056,-301363.2241885932
-43.31497302099888,-106.27432599900612,43.08461795863673,18.65483133050111,-20118.081332631955,-6819.842198181714,-7784.937279517598,-5514.521758621485,-4153.869290130793,-972.0125743767055,-1327.7274779054767,-1855.349141537479,-825.7000604754089,-233.17312152371937,-201.03034820923062,-392.7164944313431,-8187.178010840828,-4522.348019640596,-2114.8388682875366,-1551.2110266015686,-438.8734179860387,-185.74645123560776,-49.903012172754416,-204.44385826657503,-36.655168317946845,70.48138024551463,-45.40632749349015,-62.95012475886551,-12215.395392003782,-2867.478696403742,-4718.332175606557,-4630.804423682382,-536.9080271361079,-135.88034287268079,-224.46794721995502,-177.77964073233625,304.63358962732525,300.28279671861856,92.57034782109895,-89.43945860125382,-3120.865873668835,-926.0070396011367,-1263.79817273589,-932.2805650206567,-1573.677979613405,-216.49727767921263,-654.2821630631267,-704.1184425599395,-2044.7256636956665,-951.6600019131586,-91.6443851902286,-1002.6411802811419,-76.31568423002932,31.95166448640066,-55.67903171421153,-53.808220691093084,-1505.9425186353512,-598.8696087767275,-682.6275328454567,-225.66528070202799,-236.26648485945952,-45.97836081024229,20.893162481635272,-212.4011902197194,-4481.173859897594,-1926.3521699677078,-1406.2945481707932,-1149.7470454479705,-8171.666493384247,-2839.791892345761,-3032.888956151278,-2300.2055485760875,31.964933187207635,68.76151967747091,45.025761732055344,-83.04225191121327,-669.8139781568323,-327.4007343733381,-95.54027097720632,-248.0928764952007,-6.646802852809969,67.48130836020005,7.16486000799614,-82.51287490987306,-29.839334674682732,174.1848123011556,-209.28168405246743,4.037633387780261,-4043.3226731034447,-1287.744861854029,-1395.6455445095019,-1361.152170428819,-4120.767739253219,-1640.4581033614816,-1327.9246717613212,-1153.6048678193013,-210.81049620347062,-333.79627596969954,-162.50382922755057,284.2697053048994,-15193.055028298959,-2964.5728943367876,-6629.945410461142,-5599.756627189931,-9440.689309241216,-3079.11094250544,-3830.0106385030667,-2532.787631921641,-1566.1594102607016,-654.8143787925967,-420.6203280085808,-491.94460714840443,524.5143731177724,526.1104427392851,16.72392103943662,-19.539894349825545,-1398.477665010597,-358.11983037728237,-693.9353663966685,-347.642371925504,-958.7564033582833,-291.7463248173383,-499.27963254893507,-168.9503496808927,-1272.891103754834,-415.3383724032601,-329.50229422559323,-529.2703408148366,-18527.604001568143,-6857.017466302856,-2989.4228041063425,-8682.383634847816,-1513.2885279802697,-653.6859238155225,-395.60131546247703,-465.22119239112726,-5569.880304395678,-2025.6329966479,-1332.138592999913,-2213.328618436747,-870.943476021713,-489.02298615945324,-82.91879199363507,-300.2216015574893,-2700.327852746199,-868.224276191406,-814.3785145576967,-1018.9449656859463,-1045.464977610742,-396.1767773655108,-318.0539626657412,-332.45414126835203,-1336.6226498361996,-405.0478307766448,-273.26065196261675,-659.5340707858065,-327.3609384979861,-217.12987383810082,-29.697470173873626,-81.75349817488814,-34.88900985676969,-85.18023542647074,-71.60380558075826,120.67512746160787,-174.99498508727902,-79.86528462829392,-52.79745447050823,-43.55214967734082,-443.82637126064037,-177.1367621413956,-241.216065487602,-26.69344732053787,-2082.5714142861807,-534.0152663908941,-858.1804061407527,-691.5956454434129,54.30407986806517,102.98433663481069,11.25006655345669,-61.150227009094124,87.92378141963832,-7.241964069712367,31.952165109593352,61.9936766908761,-1781.9146800278756,-346.55035576639216,-562.0487370833328,-874.5354908670477,-600.2069148241114,-301.6275121529334,-176.33744914862496,-123.46185721143524,-12888.721313797514,-4266.506670454897,-5046.280451600959,-3577.1540954305683,-3599.495034977579,-460.020371626837,-2001.352976673502,-1139.3415903660523,-3205.8825443963715,-1135.1652865963845,-1236.4270985026108,-835.5100629862754,-1718.1371347965935,-614.705812226648,-480.5854451473276,-624.0657811114756,-843.9410876501267,-344.11377205140593,-150.51991556810412,-350.52730371949406,-7654.52418654622,-2802.3255351893013,-2459.1768301628053,-2394.241724882967,-137.8070064178071,-68.30325193630006,-13.108820593903147,-57.61483757649603,-2924.8492363391097,-788.4617816538273,-357.85625094065745,-1779.7511074335364,-1835.4239802296818,-673.6939775370497,-637.4531252518846,-525.4967811296187,-706.5598148694112,-302.2564356763071,-163.68087299466129,-241.8424098872988,-966.0381721301844,-411.94473270217486,-496.9241677237287,-58.389175393158894,-400.12804248442853,-90.0620043836118,-126.25448795446573,-185.0314538352461,58.45142045350872,9.194556956384531,4.021903713545271,44.015056094692454,-531.7172921105071,-70.80961644343324,-77.33784706176448,-384.78973229418034,-7187.539918993883,-1585.4972363021404,-3171.5918190458224,-2431.6707673347955,283.6178015470242,78.73494751474095,29.862977693922858,173.79997264950293,-931.0157962892915,-352.68208564466386,-258.2973527362392,-321.256261597277,-342.7694178448671,-135.4901203610841,9.376922925622694,-217.87612409829376,331.8435520420669,348.5122620192286,-120.06999635270085,102.18138268665098,20.225094408367795,32.23692101377537,9.026618083512858,-22.25834837781167,549.8436242853094,296.35633385638687,140.6154641643086,111.65192257575245,-2871.090433770255,-1103.117721562868,-1064.72038486635,-704.4722310299142,-9264.300709931551,-3138.382352593646,-4050.6812360014837,-2076.4570250252827,4.460883233719414,-3.497570278328112,8.56901521290547,-1.830465389749861,160.12980917911295,152.04816472818084,51.21512633727161,-44.35338557519526,-4612.870825631028,-1195.015466504013,-2120.676241497081,-1298.3990213187947,-11636.440167584256,-2703.3011900152715,-5528.994429834223,-3405.3644514235993,-1482.7731694783386,-300.9919066880127,-589.450123034539,-593.5510434446851,-34.68500477195448,5.960599669630938,-61.8196726768972,19.95416454642782,-325.18075097137285,-144.31793406286238,-148.06692431544298,-34.015796281936446,-861.3201793111218,-203.35324158770322,-118.85271683849737,-540.3341245737906,-1645.0308650694503,-496.4844391575293,-375.57229639721163,-774.1940332035911,-2315.9909332333027,-1327.4135253015404,-484.61265267976364,-505.18465894087467,-11404.54847972725,-3503.0442018894655,-3489.693898301017,-4413.030283225639,-469.2623877704568,-210.19823517212944,-7.052372773311163,-253.2316835139336,-5355.385382321222,-1482.2813984677803,-2975.2099321505802,-899.1139553917803,-1003.8828589729148,-256.8012733981677,-206.17791448462162,-542.1235747789972,-614.6764721125103,-348.03938679087537,-156.5885706947206,-111.26841831579236,-4221.463533144024,-1455.230383991223,-1456.853518216896,-1310.599534624773,83.02199641523771,77.16437242510256,18.06525011626809,-13.427529814986656,-2.847237033670581,1.2725256740654913,-6.03461918084281,0.6949527842266434,268.22314346258315,46.26651980086467,76.21818152787887,144.51853844496145,-1818.9599374463535,-1360.6975545835833,-58.35377772120023,-401.1285088304526,-58.622412278592265,2.978395132271544,30.631833421420197,-93.45254452115341,-545.8198853958133,-163.1602477082772,-339.82167927540445,-44.057862100983584,-4625.509018532618,-1053.164184956411,-1917.779246821057,-1655.7854904440312,-133.22661007956935,-99.3991996838497,-6.6417743497745505,-28.405539734839977,-1216.4606151223209,-136.38309812904936,-690.8542403927861,-390.44318028936823,-2.2965069718145514,-22.926290868256956,9.099492821252625,10.31038738634038,50.674386236124974,25.68916369635872,-33.74154421113053,57.506863062046705,-115.51682172182541,-30.428364114439546,-85.69840945182841,-666.8928561596665,-176.26418576227843,-192.56308225658972,-299.2854918296698,-507985.63527221745
-199.44030329276666,-211.80470374773745,22.36423332635809,-11.762382304274752,-31749.080371791126,-10799.07913467625,-12137.808172000983,-8813.955614546712,-7849.592177888838,-2065.681776564671,-2594.7902392340065,-3190.882711523018,-1543.5004860402453,-449.38885945648326,-421.18397657602577,-674.6901994406455,-12295.013207343754,-6645.780398499533,-3190.3080835911333,-2460.68727468598,-896.2219387257248,-336.5599269061506,-191.22649176600794,-370.19806948649375,-198.27332001245918,48.349809264849455,-123.91102639748192,-124.47465231275692,-18124.338154785866,-4190.563196827064,-6980.735160692622,-6954.802346699117,-1086.317237113259,-269.1383823766623,-477.93293489817074,-341.00846927130306,204.79066340925158,304.57556224931125,66.1379832874918,-167.68543156042097,-4585.560740928549,-1355.5303085047997,-1833.3680599893698,-1398.4249218672196,-2484.7385123181293,-360.71717895647134,-1062.2858714236866,-1063.4980113708677,-4129.026034835994,-1773.6636270953788,-536.5475246760213,-1820.5774324974743,-197.94880594610618,38.88205925647094,-121.53464517428642,-117.05876946117701,-2892.0713694494234,-1063.6467691578785,-1270.9037022998375,-559.2834474245894,-812.6035374828714,-172.14273115011906,-134.90686360414816,-507.3164921614914,-9213.773809986249,-3594.961681299299,-3244.6790474446116,-2375.8956306752434,-12219.519549558032,-4262.0780387052555,-4579.51847566858,-3379.685584617091,-65.39044229045112,48.49830383909671,45.60427062617691,-161.2555661886338,-1040.1890724838206,-482.5177921421862,-196.02659227527988,-363.4072374993091,-343.8689129176862,66.14270004269406,-138.27439753974454,-273.49976485351704,-1147.489022890846,-80.74603824642645,-656.7960791557002,-411.7094549215619,-7596.88468329397,-2432.6796305157786,-2761.5979032763553,-2404.36969893481,-7367.879643415911,-2791.3888240531533,-2569.7437412623412,-2008.5096275333397,-1042.4775496920863,-803.4834840991045,-448.0965048005726,207.33988977467845,-22814.58530002451,-4480.073951770475,-9955.180671564616,-8381.093226122352,-15291.114513799059,-4848.470536656417,-6272.953926789426,-4171.452599786243,-2556.7501594794203,-1128.0122515283817,-680.2512189885572,-750.2492383953838,111.25490198026569,556.0187046579355,-293.50986447493665,-153.01648763563435,-2102.219642850482,-528.0156041973653,-1052.837524653023,-523.1290634329532,-2530.3806130571093,-889.7602534714235,-1111.0765342553675,-531.3063747632211,-2563.644922165923,-903.7581118310807,-722.9789177248472,-938.6704420428557,-29084.16032703769,-10694.7967416356,-4754.551302746223,-13636.57483208876,-2791.574397084072,-1303.5377427950973,-703.2295684683775,-786.5696352534662,-10654.296506959987,-3976.4433072968204,-2608.5520611670363,-4071.0636879290378,-1879.6445435129892,-994.0117645981597,-310.02204203298606,-577.373286314715,-4262.186173065423,-1381.3931128347956,-1395.2808833134625,-1487.2747263499903,-1601.1829475112725,-609.7049437756755,-492.20018864723374,-501.0403645212323,-2561.497722816809,-804.7054492487707,-606.2608650223115,-1152.2939579786091,-760.5724429208849,-407.0715946880075,-139.17119299368505,-216.09220467209184,-140.31641464590962,-159.5096736517189,-133.19371464650658,150.6244242194664,-368.76236276205486,-157.24234640198597,-126.4755443554343,-86.80702143751569,-770.5071065067898,-319.58043677318005,-400.24576625554596,-52.44345291098671,-3142.714829724995,-820.5162232097814,-1277.0162000073258,-1046.9449559407856,-264.2728590112408,18.762334642642145,-41.42234882896628,-243.37539425784303,92.33486966338819,-22.437116501796027,33.108170985401784,79.90126574688861,-5216.335886388761,-1538.8575165102231,-1834.8639139200448,-1844.3770053914002,-1171.2568274178768,-546.639398329284,-347.4307220293431,-278.949256492147,-18613.937126202047,-6259.991087464657,-7209.4237539179985,-5146.284834252333,-6559.7856141750135,-1029.0436016915148,-3471.764398714081,-2060.7401632021947,-4571.738392553623,-1609.4708577778622,-1766.6174587766725,-1197.4126254320115,-2941.1308282696255,-1087.752290216387,-846.2409221707769,-1008.9001653153143,-1692.0042739647408,-671.1293371467093,-325.5562057470363,-697.0812805038925,-11779.5293748623,-4185.548038736095,-3908.2120052675873,-3687.5318802914608,-221.03344702638515,-109.14173166459932,-22.28239947070074,-91.3718653240021,-7672.568175462661,-2332.962316570429,-1442.8902586733577,-3898.478149651809,-3358.686329605973,-1197.4487693589842,-1069.3461956347412,-1093.6539140451312,-1271.9344202992318,-553.2642449085272,-278.588937675725,-441.843787147835,-2126.1520245770034,-919.2706066510239,-907.2068811510005,-301.4370862078829,-619.7095765450233,-147.92519307772932,-193.2654237789875,-280.28150912123056,-71.20922375872988,-29.419840529606745,-20.08369502167534,-23.46823764036185,-1008.0218944808632,-177.9020394240813,-196.35823285159267,-635.524171638072,-14282.612372554448,-3242.958852318662,-6288.781068406916,-4752.6350012617595,70.36434917890847,11.932749906506388,-97.19544300911639,153.86449284866035,-1747.673470311566,-623.3930930347265,-545.5524988165319,-580.4904278932095,-731.3545439885859,-273.1417772843997,-59.60058294753685,-400.3747331895547,-687.1974380232446,-2.8332609429699005,-546.651060491962,-139.47566602121856,-73.75118678629065,-4.600245288823544,-20.606964666612157,-50.306526263768774,533.8867555435401,321.48204692988907,99.46553639852004,111.17662278227112,-4289.877105789527,-1595.5803258031672,-1601.2008504407092,-1094.8584789785552,-15623.594252960907,-5233.258379082285,-6845.508831899146,-3546.5895914123184,2.761565186269536,-5.512179683681325,9.544957753000517,-3.03376231596053,-109.4747939981603,79.64836421753034,-19.592622824689215,-171.29308482385,-6942.5508269003385,-1811.6275210540755,-3155.452961462087,-1977.2328938170347,-17097.101067492775,-3998.960222816777,-8029.645899335878,-5070.257494772913,-2718.638373924042,-646.7427007488911,-1059.5730546559846,-1014.0851679520968,-261.1386672066617,-34.09527505930578,-204.48394353616231,-24.321998044092425,-490.1894876978531,-221.6319243689834,-211.4953134101645,-58.82479935159449,-1736.954459853541,-534.4461974172614,-315.1227420582038,-889.1480698109624,-3354.035459820244,-1117.3969031107188,-858.5427840085629,-1379.858322133872,-4569.5822310347585,-2430.742857402275,-1165.7638655773892,-974.8380574879918,-19263.14770842121,-6226.299431540973,-6004.822768609819,-7033.788057703242,-1572.052286171028,-611.5765326349222,-366.55907267589737,-595.6792302931688,-10285.995104033656,-3072.5447926071292,-5389.770513444849,-1825.4423474146004,-1716.9035209289611,-505.4341024018256,-364.4916629095849,-848.7403050504288,-1201.2911941336158,-653.0217479893506,-294.23011389904923,-255.80188167810957,-7119.196071534104,-2359.3918774966796,-2435.141457272709,-2326.42528619759,34.31354499922554,75.16614106956831,0.747939714264021,-43.36308521746628,-6.643429976103334,-3.2313066462968436,-7.898426593448448,2.723753830754049,138.888699628704,28.985616099253548,28.23627706130469,79.9042570352533,-3207.680158147521,-2088.7257588355624,-380.1427136638845,-740.5742350809771,-181.43374590209714,-14.553912975454978,7.848569915451435,-176.49095227497742,-1442.5041865657715,-495.7761477527813,-759.381462206685,-189.10912603914971,-7665.961844873959,-1970.0758291501018,-3023.024090432212,-2674.624474724528,-248.64723709184045,-158.9841144670802,-19.223039020385386,-72.20263303729621,-2221.462351664076,-346.0248744852497,-1179.5820703610054,-697.6179562507195,-10.718898520411813,-40.04653809816364,14.730628457333978,12.834461687565181,-30.20690042765068,-4.880507215671514,-79.48574176050374,52.39679911568305,-155.40215853762697,-33.33439669468771,-122.94903655938492,-1643.0617557105777,-458.5277224008071,-470.99416993398745,-715.3024128086704,-871056.7363842352
-398.66183900723695,-331.869095054682,-26.052916087230187,-43.156225368863716,-44641.846445466974,-15439.248736160253,-16831.16010063938,-12373.854006170784,-12335.891850452253,-3269.728464361853,-4172.04792165886,-4896.531861935049,-2404.4577890552964,-680.2248399749312,-700.3884414247034,-1026.2609051592283,-17192.620716956404,-9149.979824906633,-4448.627612434075,-3596.4296771192176,-1471.4404448667058,-543.5262836515799,-368.30023312054163,-562.0303255981833,-416.31857171198453,14.024854370467665,-221.25286985583625,-211.5069537302238,-25532.09193904577,-5889.798578642002,-9759.230103863569,-9885.479654043818,-1793.0508163475745,-454.1562910641951,-765.4046957223372,-575.906227064585,59.59168167849066,302.4386580218569,30.15375992625468,-275.4171337731384,-6174.7482009785645,-1798.8810093375234,-2485.0850901259582,-1893.1984990185604,-3646.29524287579,-625.7184192404582,-1574.6241191005895,-1448.3691020382928,-6605.245786302955,-2760.3377923534126,-1075.861693370811,-2771.4626980822504,-352.2340905712058,34.54369163124602,-212.97337509163594,-176.22080461435507,-4931.49169820387,-1674.4296202126986,-2174.231533214499,-1085.2469422801958,-1352.1838864437634,-262.27445880515575,-333.16510560493634,-759.1607195372189,-15093.889479923397,-5556.896125131371,-5569.984873117756,-3969.4248791778464,-17008.04689265487,-5923.340968791188,-6323.124902326751,-4763.99741904048,-214.40363342701926,18.242313918266518,30.284878328308878,-265.3472231771643,-1525.0685264200813,-670.3246842625992,-348.32356969267767,-508.8366699684409,-766.8771367263967,40.061483733892146,-285.3426201559696,-524.0123978078523,-2725.7291120761047,-491.9982248867125,-1263.3776800859985,-972.7696046068734,-11687.395912222211,-3683.998809312123,-4343.48978252392,-3662.3237178898144,-10957.666198846922,-4145.613738170592,-3831.9564696360794,-2982.5123885438497,-2085.529400319875,-1321.0234126692928,-894.9717582429059,128.04937308874355,-31580.07711296209,-6305.888352811106,-13776.242801564393,-11500.362356090167,-21899.095105001023,-6889.847621686006,-9037.28592021924,-5974.377960599549,-3652.024118704324,-1618.704875865885,-1000.4454883401593,-1035.2901520018524,-757.4178323680048,510.1057923630177,-811.8387441105629,-458.101278124022,-2905.9210712126714,-736.8580769844323,-1437.9901229842892,-733.4892687474555,-4422.0352369864595,-1635.684243942793,-1819.846385552389,-968.9210049948367,-4533.987989967276,-1686.177036213773,-1340.6693646451106,-1509.557986611908,-40839.08504835975,-15052.11230179516,-6713.033553621395,-19076.355590446707,-3967.4162291082275,-1900.7678500273785,-963.1479678945573,-1105.9168086898137,-16270.89321954483,-6171.672204682132,-4117.781705127024,-5983.8557072392,-3021.6342617384253,-1575.3442135653106,-567.1323144690934,-881.5741312075313,-6231.77764486832,-2006.2539342625867,-2073.9004097372526,-2154.0396983719393,-2280.536646989789,-888.8782383777195,-702.5851717022899,-691.4896344132949,-4272.07231221442,-1325.1114419328485,-1120.774230071094,-1828.603037713998,-1282.171698410558,-617.2097951650587,-248.23892373031708,-419.1393770187492,-334.39769838755933,-282.60871025698566,-220.3104428339343,166.10505719987168,-716.0022550620861,-258.43471018478317,-285.3506848471993,-174.63325753362983,-1168.4954240708169,-479.49087428090706,-588.3317911297374,-103.08915616376726,-4348.937385667561,-1169.530607413448,-1750.9897483424504,-1430.8334274152123,-772.5227754885814,-140.49646569879633,-109.24515388859868,-525.1975534047833,71.79985680884306,-49.0548534682373,31.841626435321814,86.59668633820888,-8903.574640275056,-2831.4503031541517,-3232.9194082924287,-2841.621326332034,-1898.3404229608002,-838.9118801884417,-582.7272579953003,-479.117682280616,-25209.22996060343,-8441.630443209999,-9745.084283322709,-7024.931631574332,-10437.55697840665,-1812.1338899139566,-5396.692442248546,-3231.14704374755,-6213.070357632031,-2207.0363425321793,-2370.5151581197624,-1637.9352544836831,-4223.389644734327,-1564.9057283562531,-1252.0472161745759,-1408.8530977069856,-2397.99969064834,-924.4172681215857,-527.6575935108879,-948.3412265194218,-16451.03187735343,-5850.463215334212,-5401.195948285248,-5201.789111237457,-341.3810341941796,-179.2120361957045,-35.89082953421939,-128.69456596783903,-12952.001735111015,-4001.8405409232855,-2686.095208059568,-6266.482383631782,-5272.358852352351,-1882.7935029471644,-1567.032426207644,-1824.9493207010798,-1913.8134703542453,-828.66124269703,-416.6426049380477,-670.9260202226628,-3687.236338052262,-1544.5658669670772,-1501.6255563307252,-643.4613122580108,-999.0283686039427,-264.7844706732337,-295.3246662901065,-441.3356291442042,-166.92097896932546,-54.78840756649788,-36.9219332102582,-77.62703569614655,-1570.9266603513236,-296.71679884863124,-341.5357098053835,-935.0905492008476,-22643.102914931205,-5257.215051523582,-9838.107098370696,-7550.197162540443,-381.18115972445094,-204.625213253443,-270.70311935924474,91.73077538473285,-2852.1856351662273,-1008.9813192863032,-936.4967138755244,-909.123999507957,-1269.5950062874574,-480.64065085278,-187.02470175098438,-604.3460511872604,-2177.9028774047174,-425.4657813233698,-1230.666172887198,-524.1873206977139,-176.03208782109368,-35.35118187582543,-66.59298362470304,-76.50431982413829,347.8233110073139,263.6707093291516,19.81231066980672,61.92389350485223,-6006.865553372592,-2191.277134163619,-2283.5374357042256,-1534.4673810083189,-22742.132821384857,-7518.44572373095,-9972.31326956829,-5253.790225589115,-0.5338656273154356,-9.226092026343622,9.89071134734354,-3.6148824518954825,-484.46196233617707,6.785691686328164,-162.97828235444376,-330.6857691715527,-9530.470265376813,-2491.311387749208,-4299.101496226693,-2742.4737789044184,-23915.269630486353,-5670.47494491885,-11139.437482516541,-7107.773600554362,-4304.24747380628,-1071.6702625757782,-1648.5392255352078,-1586.4543831988938,-655.3993604080802,-109.40973831528049,-421.35917372320887,-127.04684587316228,-685.4074740691724,-308.65569600536423,-286.83942464200845,-92.32875092535164,-2818.950394618262,-941.1441795705571,-589.971847911977,-1290.2507646392698,-5444.282789586692,-1920.5484593509925,-1415.382878301454,-2110.767849437828,-7232.408823025234,-3719.4025676855154,-1983.1437636135668,-1532.2788892297087,-28572.60207452738,-9448.17210668361,-9049.468219376191,-10077.378145971052,-2979.492389945691,-1100.028194236066,-860.7281691562423,-1021.1524240570304,-15286.248572187831,-4662.641890124468,-7923.201694022474,-2702.8213855444938,-2531.3256316901015,-779.1727386310131,-529.6581497940476,-1224.911140768573,-1997.8059400138284,-1054.9314911842537,-497.6708128881751,-447.62003344495633,-10182.34059148736,-3360.4585613389763,-3474.8623205135555,-3349.43610713836,-61.76522915879468,54.81467031235479,-26.383432492696556,-92.61286448195892,-14.245683680297589,-8.597065543288863,-9.846835853860284,1.7818202133062186,-24.87314115759682,6.989686679999295,-31.5890709758944,-2.6901543652513737,-5135.029844119486,-2998.875868020612,-964.6924404542804,-1173.877933148153,-326.28712956501386,-55.56631565295402,-2.5709613111273484,-270.56625010446965,-2618.638103869279,-895.5181087524832,-1330.5342517484194,-395.0021408718517,-11313.913907783686,-3096.5599961169573,-4448.735338186993,-3771.034970983298,-389.94632741255487,-228.34310402397068,-33.03431995436745,-130.98530093781142,-3341.3560739851646,-613.1322934262951,-1689.5535033204744,-1041.086674741958,-39.676800367297346,-67.29591416175435,10.990544476715286,14.212171814248222,-187.0002178437992,-58.574472334544,-159.75631886072347,28.914175847987508,-222.54563136524007,-61.94957006213053,-161.80426005488107,-2599.47818340453,-753.1555958496485,-763.9129025335078,-1084.8260825249106,-1299506.2372646371
-568.5739314527764,-406.9042520856294,-87.02608845579744,-77.40277607780217,-53664.82336179254,-18622.00878688078,-20190.422015127115,-14855.151744951023,-14859.969498595101,-3918.3627318399404,-5158.399663585977,-5785.966288335613,-3117.244624678019,-891.0089331860065,-958.8147823812017,-1270.1800942772963,-20712.02878713648,-10994.494761978387,-5368.202904377937,-4352.090305946583,-1836.285820580061,-656.8006172268131,-467.4256218500684,-714.8187666697088,-543.2789979626341,-1.3998448193344757,-277.0246430327686,-267.61369527707484,-29760.54025692815,-6866.102346313535,-11426.416348074483,-11470.780747706636,-2365.63241511645,-587.7175326577924,-997.4962572256975,-783.1778103994286,-3.461061642692812,330.47689897122166,-23.449092308316494,-313.24805347203187,-7300.268135900632,-2102.382413932497,-2958.784404123723,-2241.860503010793,-4533.7871244192365,-771.3806889215905,-2019.9602525050948,-1745.2053681590203,-7715.678761332255,-3226.141729854704,-1369.4850612569783,-3122.8111553870067,-441.9141503823082,21.282902477905736,-251.86734350005167,-214.08889452661583,-6158.577781503236,-2063.3530879824757,-2706.3170602331274,-1391.666818454071,-1596.0111199044516,-317.36053661256915,-420.38959105158983,-861.0201774067589,-18919.48426821109,-6917.628622578964,-7104.2399467801,-4900.374884018531,-19945.43196696052,-6993.924888575822,-7379.60215746982,-5574.664106081374,-292.13610185462585,29.893598050330866,18.98379553598761,-343.7726806074288,-1775.3601201108766,-798.3931369098932,-396.20506692287495,-583.5211014446775,-1083.5817166782087,35.561529606392924,-438.25553452826625,-683.6468969227783,-3175.303023087141,-563.9243258983938,-1464.37698919628,-1149.7608931588413,-14207.673426675728,-4470.0597176177025,-5381.886030937602,-4358.486863287033,-13379.518540695215,-4978.039481218611,-4680.387433396192,-3723.85081124697,-2625.711028777322,-1618.1896272275592,-1148.1204139257645,137.83982720949894,-37764.11961339431,-7498.393243836385,-16411.090273567752,-13857.395281156674,-26475.07014530241,-8292.445070922857,-10905.76664090948,-7279.617618636822,-4374.661769362246,-1928.8715697803702,-1212.462602752724,-1236.0867819956377,-1089.2012179572887,476.36465929043425,-993.0621333877755,-575.262929026436,-3434.217813263019,-884.8205675720917,-1659.3162997589031,-892.8401310984384,-5485.70046690136,-2028.3242369745988,-2231.5635629386597,-1228.5718521545666,-5456.816249053196,-2114.5889015925613,-1549.1474012996662,-1795.8391313273885,-49140.0433447343,-18260.284171625284,-8024.757786757352,-22857.7605715181,-4759.091014601936,-2284.9445538712116,-1165.6281997773124,-1311.277446119833,-20210.75810450775,-7761.348746713357,-5261.8724205508815,-7190.296122409979,-3787.07266181247,-1963.0955540620755,-732.0356339836721,-1094.7006589331506,-7593.262652735609,-2407.8933626879307,-2586.430071233338,-2601.6984039806903,-2875.959861008728,-1085.0274518307403,-909.0141312262319,-884.6774631181818,-5213.7820753957785,-1678.958861301114,-1340.8217184902735,-2196.760680770829,-1618.2093456036757,-798.366475306985,-309.11086829984947,-513.4911871633294,-436.7904179591528,-354.16465775934194,-245.22221558168826,159.83727021547656,-1013.1017078410239,-355.7241131095443,-420.8821405951687,-239.25463930275873,-1441.0213429098642,-566.1326647038723,-731.5481295662028,-146.09973380631277,-5089.156958521583,-1404.5274737639868,-2047.5127845660907,-1639.8758853579668,-1089.51480317957,-223.43922375423017,-198.53315655514166,-670.3016080367299,101.95697228905442,-44.20750651110984,44.26480339226896,99.14049024142969,-11228.923421794421,-3596.576944850084,-4175.071732563288,-3460.033929547518,-2326.9276470027453,-1014.2334092364538,-759.5901799193005,-555.8632430134605,-29922.42515226417,-10062.417499883273,-11526.296374515308,-8336.47046303215,-12608.65731210401,-2268.5773398791953,-6486.608243448047,-3856.2309139430436,-7449.854244933452,-2634.9007990149366,-2828.4152757173515,-1989.2973553676773,-5098.011923535512,-1947.7378107121951,-1483.7862690732406,-1669.2470289164678,-2806.5295696309695,-1090.6487234637686,-602.4188114331976,-1116.2212199004705,-19588.12096267381,-6996.040212600501,-6457.120195561548,-6137.719739678136,-383.6756422382857,-202.37119729291157,-40.55218128526121,-143.51144882662538,-16020.063583980978,-5027.663856450196,-3307.559301804471,-7687.599610892829,-6470.011148461821,-2335.844414254342,-1828.4583815966719,-2308.4675377772655,-2411.1594566199137,-1085.577804079451,-497.07498819029206,-831.2658495165683,-4497.360885373242,-1912.5810060547153,-1832.2229539221714,-755.3161105628408,-1165.9892918593748,-285.28418277095534,-355.646042089551,-527.8182521653935,-160.61097011353195,-47.30609739844522,-46.22152796696537,-69.8425299146179,-1937.5130650701947,-379.1826482148008,-455.1468184540845,-1105.942783567766,-27383.305916336034,-6346.09301034394,-11868.977081387506,-9170.995009770999,-648.1882571344611,-316.0256368407008,-357.85943478013405,22.93762931997162,-3453.79779657742,-1236.7438993374842,-1108.0344765782513,-1111.7786058281665,-1562.1115111508705,-610.4591769435035,-244.5854779452493,-709.826041428603,-2975.136520219461,-597.3279173171561,-1697.566756569089,-683.0010314997323,-231.53799464603412,-39.78367169834428,-83.46161689699215,-111.0518912171899,268.6558303409312,235.7448986254301,-27.176624592660346,57.328371141752996,-7064.581179978025,-2510.311411586349,-2767.1841983810627,-1789.8447551771098,-27516.388141653082,-9118.159146772874,-12037.812700689092,-6363.175479357513,-5.681845695699167,-11.28987502078894,8.084194987851333,-5.2353508292617335,-655.8458307170192,-10.039807886978906,-235.5452471020094,-413.01996089442605,-11351.307594822742,-2960.0251780069702,-5145.88789166886,-3248.153710313304,-28622.466716222927,-6823.741703482443,-13316.675542854682,-8484.808655052077,-4675.059505301099,-1157.0801424567428,-1812.3109919012834,-1708.4275561096108,-821.9976738925566,-150.20397106623795,-520.9546744733454,-153.59821351945925,-785.4944643223162,-355.70080597821266,-323.89171899129406,-108.6611245192828,-3359.1247139216084,-1117.4266722726363,-737.2658822240703,-1507.19134459135,-6642.670724908731,-2372.9101940171613,-1686.9271713568203,-2585.592544701265,-8974.697734586962,-4587.392554989339,-2492.2198715472396,-1897.8444932168707,-35394.993176641205,-11856.03297689561,-11213.041541791934,-12328.677843119995,-3814.7114642727593,-1395.0298062938175,-1161.149411298771,-1261.291431846753,-18839.178638237165,-5730.080138295702,-9587.231776398445,-3524.6259087095286,-3098.346283374982,-985.8350506478889,-647.0599953656126,-1468.2104225279274,-2553.146435750946,-1333.6182884448006,-655.0040858561983,-567.2832466164189,-12661.230914054373,-4188.99435346661,-4372.8307266951415,-4102.165019059054,-121.68680987646894,30.494538279068138,-35.614228548931806,-119.32630477302132,-21.812220371467447,-22.681796828999495,-13.237645933630347,11.34803722470292,-47.55239767376543,4.235831385942902,-55.24557228417598,0.6981580579972615,-6376.632368743277,-3633.7307612325676,-1333.7344940847672,-1411.9262985924427,-459.89453152673764,-79.15205558153639,-27.506078661221636,-355.9955824504307,-3138.4236635766692,-1089.6333314688566,-1623.9730732993828,-427.5764439747961,-13505.614723597773,-3675.904243761591,-5335.374566847649,-4497.09509815499,-440.7140661701312,-247.38120377294626,-54.779030334757636,-141.31301722894955,-3998.9495836641763,-733.0686395246453,-1985.7187052026109,-1282.9214241033976,-43.750248323596225,-72.4624266207436,7.2614464431810575,18.691546687563005,-302.8643529799547,-99.92374331552924,-203.0863767502674,-2.6134180805393044,-290.10548915768345,-82.84561031680846,-208.63947142410257,-3207.9128505871486,-939.2470870564396,-959.8122771348633,-1311.6126715623052,-1575089.3878841656
-670.5790455379595,-463.95074763139246,-117.64124376793347,-91.80925387973457,-57374.39914074847,-19882.18581814261,-21598.738984264863,-15896.296538081968,-15881.526493202355,-4066.6146614944682,-5677.561355230485,-6140.172676218436,-3567.993465450698,-998.663663031927,-1105.3111272289354,-1466.840874930973,-21095.92350841161,-11161.56870120386,-5389.050454650188,-4548.126552298669,-1842.0545109280272,-642.5440413603287,-452.04155586322804,-750.2911134456397,-639.0070556865403,-15.018640025229843,-334.4719529154993,-292.3386624870084,-30625.166501081556,-7129.855324079769,-11808.509268434078,-11689.624108308893,-2532.229343682352,-656.5909319861216,-1041.337594260099,-837.1230171772465,-221.73007994391855,248.52998148059078,-103.36152105262386,-369.7207401129647,-7787.345156966744,-2249.759943653955,-3151.1850964148325,-2389.222316638973,-4883.053116221377,-851.3637642976109,-2149.3018833608376,-1885.209668304052,-8154.221927011534,-3374.3426916074504,-1479.047445146559,-3303.6539899986074,-544.5271616365478,24.855772348261098,-299.75899537551527,-272.4461383503958,-6388.178602599016,-2086.344065063362,-2790.0728046481127,-1514.5839326286412,-1890.250897451839,-379.58568544598666,-551.9640915652335,-961.5233201817284,-20312.446158389543,-7366.609321563231,-7646.041020772217,-5302.618015795219,-20890.556713612645,-7302.325152914692,-7761.738863485399,-5829.314896953698,-327.54148036034553,2.969378341140782,16.324797669431064,-349.65785611204774,-1859.8235309913114,-822.4008270141958,-437.7727852197522,-602.4721184985804,-1205.4309648030237,13.447647513702577,-477.00199367907294,-744.698818378743,-3494.4630745054747,-590.2981623164126,-1613.3273339897921,-1293.6597779402812,-15147.286572767372,-4850.388833693776,-5670.920587949865,-4628.7993508649515,-14766.862085545461,-5349.791464819162,-5386.452665238111,-4033.4401552293803,-3006.8362223521417,-1820.721676374583,-1243.9226236764482,54.985877957727325,-39825.35576535332,-7941.550301308133,-17339.218286375988,-14547.409377410355,-28224.84378106232,-8771.556047810676,-11661.725889023064,-7794.384043970044,-4721.064229055433,-2136.2622527652493,-1263.5113169111803,-1324.1128591201493,-1500.271270050883,410.40123378375995,-1239.3879975094198,-674.1067060663731,-3678.4880376696974,-934.4128393006974,-1769.3761837339691,-977.5212143760925,-5966.095087122157,-2188.278537211693,-2442.7182207076485,-1337.9205289439476,-5806.851690222244,-2226.6243453745656,-1690.3218187701248,-1892.7277258185975,-52105.850872587755,-19425.297125124263,-8616.119558059781,-24067.2563891448,-5546.895567297537,-2721.8730602725645,-1353.0594104762843,-1474.785296289779,-22534.08927856464,-8856.582391905522,-5849.047341319622,-7831.2817450805915,-4273.280128598781,-2224.585173178656,-853.8416986179166,-1197.6754565432982,-8179.9198959293,-2545.9631283001454,-2853.5775433510626,-2783.2014240190783,-3119.157057799269,-1204.2720900740694,-982.2958350096035,-935.4113324566749,-5560.130637741715,-1728.926487604914,-1455.9420528759558,-2378.084297001922,-1862.0062815248832,-855.6427646709578,-388.00361782113464,-621.1820987739302,-506.43045788450104,-400.1412842311088,-276.8926484528836,167.7812750584519,-1332.5682647367023,-438.06862146766275,-552.1962420849229,-345.125600925212,-1533.6939593829418,-585.7051921117807,-767.3425528610655,-183.46841415127255,-5246.273863102162,-1464.6328470704113,-2100.2618496729156,-1684.2013660999435,-1260.2806951291147,-290.39833443866655,-212.96830921642345,-759.7362512152106,90.30176202688676,-47.36575858781612,38.74293592225331,96.10238495133581,-12772.498885901843,-4125.0336474202995,-4746.501538617447,-3903.7858996052273,-2467.3260536907846,-1091.4776911234305,-752.5762703894961,-626.0942919189758,-30515.852962891957,-10390.441390265918,-11690.378160012355,-8437.855612354895,-13832.860445100816,-2553.7324718573973,-7149.414039761673,-4132.536133222675,-7713.3851598306055,-2730.557443274898,-2929.889682031211,-2055.7602342656537,-5673.044130387634,-2137.3612645554076,-1664.3758829625474,-1874.129182610727,-3116.849535612818,-1201.8817480905875,-692.2419158909088,-1225.5480713724407,-20855.20455700883,-7443.192570287017,-6891.304675891439,-6523.5295105713985,-388.84277236883963,-190.1704687680699,-41.137262608482615,-160.35724073344932,-18153.279769705772,-5672.931975877161,-3888.630793768313,-8594.539199801486,-6839.063644611907,-2401.1297018436208,-1965.330649566867,-2475.4254929425233,-2639.6611522577477,-1198.5830867355178,-547.5969729982942,-896.3032922649797,-4921.931498586188,-2062.2777363717305,-1943.1644724169453,-919.3114895386427,-1191.0375075972986,-307.0012143691706,-332.19738755002004,-554.6611054192911,-321.07621855265234,-95.22771911929135,-68.76281022103854,-159.90788895346986,-2230.6577197844053,-452.24025361391523,-522.4412498573208,-1258.798416054284,-30853.55491451904,-7114.840476625798,-13510.214819031255,-10231.321818603028,-741.833516928031,-352.66186639440934,-380.29105217166057,-11.702798103011219,-3809.56565332412,-1376.482053492616,-1238.0281668207901,-1197.877632751835,-1645.137626166909,-608.589197033117,-291.8519071603969,-747.5187217145253,-3771.9513631502386,-940.8756184627989,-1934.0045093874576,-899.8934350411171,-265.50384356405925,-57.78007244432524,-86.52091865154557,-124.0250522093279,407.2641443958379,292.0352361860571,1.68250684999839,110.72420161873151,-7240.3091206275885,-2505.5041170188624,-2829.804591964914,-1907.822611384957,-30010.346664404435,-9790.719637007462,-13274.226373496644,-6948.222853641332,-9.82512923415311,-12.901104369038649,6.222022617396533,-5.968247223659773,-776.7170856663545,-26.066322362142273,-290.78140208717673,-462.6915609580715,-11908.070145722108,-3113.491011922917,-5418.367493449229,-3379.033840091025,-29551.56541132087,-7063.138747996957,-13753.89151028565,-8737.35735277921,-4941.536960772581,-1188.24136776011,-1949.542930279529,-1806.574862474127,-908.2006019149756,-144.7063100718533,-588.5884274906873,-177.72806409356895,-812.6991045152099,-371.7554683127519,-333.70150408234963,-110.06433186122968,-3765.690824188364,-1282.6368679742834,-826.5050622144356,-1659.3710937407634,-6900.629543675756,-2480.994720118799,-1765.7252477656523,-2656.731775532464,-9795.55137933339,-5092.857441478673,-2707.667710476545,-1997.848427119289,-38691.978018409056,-12958.64457701672,-12311.803364863497,-13424.352276269821,-4307.017186443732,-1551.6803885204479,-1316.4319471309843,-1441.7270505335357,-21029.918742158174,-6458.717476918897,-10641.081328887296,-3932.942136093059,-3272.0891313558495,-1057.835121235764,-657.8735084485008,-1559.2027014126722,-2728.7580374263407,-1441.4743161703875,-684.4987228098919,-605.6071981871878,-13360.06303479913,-4382.621355191946,-4586.664249536806,-4393.599629811451,-190.65379899973982,19.95679342911376,-77.12286919366034,-136.30992297625698,-33.384332043949144,-33.94606537274649,-13.7127974703983,11.45233105808893,-89.56912145967658,7.3364069682338595,-56.62370857215501,-43.10401959687306,-6776.873419986439,-3837.025348546811,-1332.6213692988993,-1610.0489018818673,-474.03360917226405,-96.56806546553048,-12.478975236734414,-367.80876821110087,-3339.2929078462475,-1144.5432645555954,-1699.1937669201436,-498.3780761114997,-14332.436411632492,-3937.4322665945647,-5668.381985269127,-4729.444359509923,-498.9521530777504,-282.69674720853163,-67.93095215099379,-151.14665345940125,-4208.5822637250185,-739.5135544873895,-2110.430066799543,-1361.4608421792038,-46.547415534029824,-75.36638498798061,8.542293123383615,17.454476589518663,-398.6580734666884,-130.41474161076076,-238.84700366430093,-32.21852793265066,-296.3099783271339,-87.97702534410587,-209.7440528535767,-3559.803089669941,-1009.6619328190825,-1083.4478844055996,-1469.5154721863694,-1692462.3818312185
-683.9808804825832,-466.27961029366975,-117.16497681318606,-103.44338037424995,-57907.13665378883,-20134.054099864305,-21773.858225253087,-16002.131415669899,-15259.373106813944,-3888.6834386074215,-5314.6301649679235,-6058.966590237117,-3412.830457774161,-949.8320922857308,-1068.4096585748973,-1397.4957939121011,-20769.821416269548,-11033.479533512467,-5318.342500106869,-4420.9064696487485,-1797.8997860732,-640.9218360035186,-436.64019027106497,-723.2448467972129,-576.6143720598693,8.974955520123103,-303.2801413958846,-285.2162731827357,-30312.364773784197,-6998.429669340595,-11772.79901443311,-11544.043177009107,-2378.6945587986693,-605.430309846259,-981.9557899211311,-794.2155460298175,-208.92508809683954,242.74208281794586,-104.63873226082,-349.93552565247205,-7786.1958116498035,-2257.82291347315,-3143.815706021589,-2387.4642791535143,-4764.164003906692,-813.568104547769,-2151.7265371793364,-1801.7764491781334,-7772.707578660856,-3288.693261745,-1343.437934099031,-3143.4834698154045,-518.5565692136563,32.13867240262789,-282.33596149773894,-271.26636711707556,-6203.0310548357675,-2014.1678596224112,-2686.5724720167,-1505.1978101951775,-1929.5530096281284,-372.671479830507,-581.1274699959324,-978.6611468002291,-19440.820904515804,-7029.868051019329,-7239.980141658795,-5173.879798836253,-20593.47456449691,-7199.172672309512,-7693.043812119261,-5704.165167066732,-333.2160863773024,15.148517393453176,6.670423041234926,-357.9421138105504,-1812.7051545360903,-809.7631996520604,-422.03109642932714,-583.8179454533486,-1036.104285869549,43.77496660063889,-418.9276697883347,-663.8586696803711,-3116.4243104559964,-494.5414918572153,-1419.3198556593477,-1205.4700499378816,-14422.74164481212,-4664.246630816665,-5341.5742831658235,-4419.827817828305,-14464.609237913744,-5236.597778917087,-5261.570729338732,-3969.3478166565483,-2722.213774857887,-1694.3661517468197,-1149.4217429975067,118.66703288784151,-39673.92856011749,-7898.133243473089,-17268.061406704877,-14510.640996938131,-27357.473552436964,-8549.671272143607,-11225.946851677698,-7584.76251561449,-4737.767017581671,-2127.5639371588713,-1272.0478644314715,-1341.062302989896,-1173.1700072009614,410.55227790347305,-1028.8611779436908,-557.7681941593078,-3605.9126317169057,-916.8383725990154,-1746.329873881001,-945.6514722353756,-5564.145307892167,-2016.8596488071987,-2320.416546254217,-1229.7761998293252,-5477.007990567036,-2114.5528652627436,-1555.1767889083396,-1810.1854233944239,-52494.671262333795,-19668.433368115093,-8655.965394356454,-24173.179586860755,-5251.504482522576,-2557.1635747281116,-1299.7083555261318,-1397.5396392668497,-21944.07798216069,-8553.400847184339,-5714.018245290909,-7679.565976683972,-4263.51278631921,-2239.668200320383,-826.7035484030948,-1200.0481245942158,-8036.358557368617,-2503.2492696227164,-2808.2188097211556,-2727.7975650231574,-2990.832720029338,-1141.6865671290354,-940.2364670945192,-911.8167728042934,-5236.765321554384,-1648.5392153934993,-1348.1825353476904,-2242.9506578116925,-1907.3522542171897,-872.0185002595788,-383.72940112992796,-654.5114398262488,-457.7226631553508,-363.3718032682898,-266.5894288767279,169.33148199119512,-1017.5535595178678,-358.8270965595816,-409.418457792681,-252.21509216413028,-1486.2878165290642,-578.755738705272,-756.1710180149919,-154.2681468073995,-5255.074288859742,-1491.3617846177428,-2090.2617030511046,-1676.3578881894284,-1235.15117468707,-272.59121546727624,-184.50327993981705,-780.9637662785849,86.57026265429886,-52.18934713205931,33.52260225867644,102.32992052914483,-12085.963620847622,-3847.752296457059,-4512.396828724272,-3728.721582664876,-2310.633418791249,-1028.24911208461,-688.396442855071,-596.894950850123,-30062.58743345793,-10271.558696582446,-11479.454690644807,-8314.481133229303,-13407.947790697175,-2534.5882304823017,-6912.344939352387,-3963.9217078608217,-7754.108711865795,-2748.0121639041654,-2937.897695966557,-2071.1059389936554,-5522.205205042681,-2076.0041313018,-1607.3616836815943,-1841.746477057745,-3186.9673036639524,-1218.7950706242775,-721.4400237061775,-1249.6392963320402,-20489.639130320782,-7317.219445508671,-6831.591434115279,-6343.735337695271,-382.6033846550006,-194.9081777106967,-41.56333747528697,-149.03895646761043,-18074.636748940793,-5540.707087108868,-4045.170247435981,-8491.666501394508,-6458.816931255988,-2234.641677806594,-1904.0558589490477,-2323.0264814988714,-2623.964308053205,-1203.7326567772795,-538.8891610544538,-884.2495772199425,-4586.971954964137,-1935.1487825357474,-1809.8903569971183,-844.8399024298403,-1099.3908217849914,-274.6554902103576,-317.71554001144546,-509.92687856179236,-312.88110450965564,-75.15734465640003,-70.24813766916168,-170.3827091826672,-2062.958990740125,-421.4364964578433,-465.8107025159886,-1178.6188787648287,-31402.310150556612,-7247.5318293836,-13771.484249194496,-10386.201158977008,-650.233128920057,-323.93409468414916,-347.19484645465786,17.988725220265906,-3398.647255232265,-1242.1714748967527,-1039.1067606587005,-1120.2761066753885,-1557.7922010310715,-592.5811114048188,-235.8821368771719,-732.236039747633,-3729.728727884084,-888.8839366400114,-1936.5087805858313,-907.2430976567987,-244.50157822809183,-63.27274030296917,-77.9485388464268,-106.18738607726618,443.9015536931605,287.631959239651,12.330573523550811,141.0319339314749,-7111.690803468041,-2470.0731690625025,-2780.871379205205,-1863.6533421989077,-29652.82401246979,-9641.761698172313,-13105.08313323128,-6908.886268064629,-10.285085914071487,-11.92715954769119,4.812540357437911,-6.07755372239626,-765.9536833996178,-25.706492979439645,-269.9794261911784,-473.1748512274687,-11870.534981743758,-3094.7059183437086,-5388.327732673901,-3390.4084177246295,-29386.73023167956,-7014.105990164587,-13664.068578375727,-8711.462750137598,-4565.248642426929,-1042.0220158225673,-1859.8489147543694,-1666.2847988486094,-797.167397568956,-111.5185559240474,-506.9374877166854,-181.61844092678803,-824.8447845775218,-380.35486437444615,-332.1931010337523,-115.20390616787245,-3390.9447510871905,-1175.047460712741,-671.1193512008183,-1547.6850261721645,-6509.459687298096,-2296.162430338062,-1627.7384521742795,-2588.465891784337,-9397.585826901794,-4899.675865271574,-2550.3822166713126,-1950.4348319574885,-38402.86880506473,-12782.121339860503,-12175.161960440426,-13448.492591762182,-3931.223514607218,-1384.1930845253785,-1256.0978719947868,-1293.8396450857338,-19741.169726351774,-5987.66473513791,-9957.178321104577,-3799.233757107864,-3086.9707449753732,-998.070362467475,-611.0112197299416,-1480.7962497764809,-2648.1491905525363,-1417.1157651016244,-648.8020571543252,-585.1384552951363,-12985.850670727066,-4244.97623531767,-4404.464457774656,-4339.317064633271,-189.93897278736722,20.15980164711368,-82.89771063433454,-130.10815079863437,-20.386344430322197,-28.54641597575369,-11.453758438896557,16.70674298579206,65.18856577445149,43.13607172600268,-4.726115350528062,23.871522400438835,-6486.181240589248,-3733.7776234993535,-1234.1500565618637,-1521.1606475266115,-477.95417750138904,-100.86851695311589,-20.45646151783444,-359.53628602896515,-2926.9102751622186,-1026.7223642563038,-1516.4723423190242,-386.62265558532295,-13758.314000250317,-3768.382208752435,-5388.033898408542,-4604.804980087883,-462.7776126353617,-254.8547567204066,-57.7195478179035,-153.11039509565808,-3982.85978347304,-682.9377328499797,-2012.528787279393,-1290.3003503422317,-45.553959700736414,-78.7996963543103,13.787600025765414,16.55104962933433,-339.01799707590953,-105.91374815677545,-200.01755259246966,-35.9937833251156,-279.29626818618044,-73.52106275434699,-207.22874893109793,-3438.2618210128194,-964.0432562182343,-1009.9231455350234,-1467.2025062580908,-1655085.1719144017
