from,to,distance
0,0,0.0
0,90,10.941706202679677
0,280,12.267603206446521
0,410,12.56805681100262
0,600,10.675100581502914
0,720,1.4216334219178481
0,770,6.493405407158055
0,980,7.9341122030586675
0,1,0.05891845627582433
0,2,0.11893862150475402
0,3,0.0573774467141004
0,99300,7.4321841030833244
10,10,0.0
10,20,4.403726552870541
10,30,11.630545782157
10,40,4.296209366217915
10,50,10.20628953882282
10,70,5.065964793459624
10,80,9.252241333488337
10,100,11.6490123028486
10,110,11.533310586388977
10,120,4.733111193132977
10,140,8.804622025704347
10,150,5.339907858493308
10,160,3.6852533365539686
10,170,4.503208522041172
10,190,10.56977883434795
10,210,7.000915858039939
10,220,5.495389059536295
10,230,7.370764188742456
10,240,8.350854459026905
10,250,1.6568894387533104
10,260,2.8648652519375575
10,270,9.13685413294185
10,290,9.718174041468298
10,300,5.684005138929293
10,310,5.127815463964324
10,320,1.4284205615496293
10,330,8.59079091465907
10,340,2.8493902411136647
10,350,8.849105353878691
10,360,9.730945939472809
10,380,7.1432766552911575
10,390,5.884519999547351
10,400,11.18448382535881
10,430,10.888072634213021
10,460,4.525879075517667
10,470,7.486436782658508
10,480,2.718761171283302
10,490,2.853893310603907
10,500,9.57069809279911
10,510,9.301195178703725
10,520,3.6275217763775007
10,530,5.945347268205034
10,540,12.237027088080435
10,550,3.099080076316974
10,560,5.5308294082565235
10,570,7.245661382475776
10,580,6.150555189230962
10,590,9.93534880566464
10,610,10.528535209156736
10,620,1.6045817105958946
10,630,10.839915633783388
10,640,11.095145983839183
10,650,9.861293150137232
10,660,6.325046286644443
10,670,12.306560928479884
10,680,11.721109323576448
10,690,7.2678462776406185
10,700,1.3785936832202048
10,730,7.581786579477102
10,740,4.103706854326657
10,750,4.476401800467159
10,760,9.002769652503813
10,780,7.498892255587657
10,790,5.888239006378581
10,800,5.4136159630378735
10,810,2.4210505047627233
10,820,6.855452040192271
10,830,2.7975058231829357
10,840,5.68156542112636
10,850,9.312317096356436
10,860,1.498768397565078
10,870,8.063468757832926
10,880,11.99678065100119
10,890,10.27695857025483
10,900,3.463390423856066
10,920,6.838323593856406
10,930,3.436592396585926
10,950,9.347513334106875
10,990,4.348491457892633
10,11,0.05133901488150013
10,12,0.06050621232438519
10,13,0.02961274253374792
10,99300,29.86844373800728
20,10,4.403726552870541
20,20,0.0
20,30,10.110006736594846
20,40,8.616903485303762
20,50,9.447937750487965
20,70,7.108002108643991
20,100,7.962366313528362
20,120,4.429295796999606
20,140,10.805380322227393
20,150,6.860009497905959
20,160,1.6793072603940797
20,170,8.281367094064473
20,210,11.216707494079246
20,220,3.5444942219763838
20,230,8.783169855676064
20,240,6.032034560965344
20,250,6.006238022144858
20,260,5.718097698492407
20,270,5.759819547714533
20,280,11.541143782799843
20,300,3.6544627996868573
20,310,9.400231031171415
20,320,3.0569564556498308
20,330,6.130026477855752
20,340,1.8108951918576957
20,350,4.9122370674638605
20,360,10.946976237625314
20,380,11.484495117409784
20,390,8.74116365142591
20,400,9.113466650534045
20,430,6.756897948414696
20,460,1.7371112501788502
20,470,7.5041446045699205
20,480,7.003759536416946
20,490,6.761071845381804
20,500,9.63794735417005
20,510,7.875885307849992
20,520,6.598742548885374
20,530,1.5421323144893317
20,550,3.0186360172341162
20,560,9.921822780167597
20,570,11.356634221280418
20,580,9.981973719568265
20,610,7.670682722403848
20,620,3.3126096060438948
20,640,8.883792995849266
20,660,2.6853757732935626
20,680,10.256076394271492
20,690,7.201381025621605
20,700,4.570381994862182
20,730,11.978132450952701
20,740,7.160361407237901
20,750,5.3771501399639705
20,780,11.218166099632933
20,790,9.974579184033269
20,800,1.9542393943467589
20,810,2.116927741471011
20,820,9.44504539118728
20,830,3.497328221263029
20,840,9.016661914556567
20,850,8.139010867892251
20,860,5.500756365372476
20,870,9.955064202679086
20,880,7.7971512693913345
20,890,10.691703712631083
20,900,7.347573760327856
20,920,5.692360868912157
20,930,7.811402609147157
20,940,9.502142150400434
20,990,4.800100934123534
20,21,0.09080167065788575
20,22,0.029768661716744953
20,23,0.12509662319808543
20,99300,29.764564056013004
30,10,11.630545782157
30,20,10.110006736594846
30,30,0.0
30,70,8.23824156577186
30,90,8.427185450474553
30,120,6.8996173328646595
30,140,8.340209967415536
30,160,11.632711074996298
30,170,11.534420502185434
30,190,11.07773003123643
30,230,6.867321932127553
30,240,4.17027655884639
30,250,12.126261297322133
30,260,9.71119077829182
30,280,2.60279029241022
30,300,6.535377151173904
30,320,10.632744896106981
30,340,9.788456890748897
30,360,6.61428491218757
30,370,8.602679282682056
30,410,6.350455208716503
30,460,8.454383224430225
30,490,11.34028298042923
30,500,3.952627488859853
30,530,9.944107004374334
30,540,10.220430857177668
30,580,12.410695179463612
30,600,5.2217052731437565
30,620,11.9633389751143
30,640,2.0102771685445178
30,660,7.777682325225038
30,690,4.784092962288393
30,700,10.444751601350672
30,740,9.893680285105532
30,750,7.40847599286052
30,770,6.645347139373418
30,800,11.849051492085243
30,810,11.133701910113437
30,820,9.290222229310293
30,830,8.857910840273812
30,840,10.776368131543553
30,850,2.3390600519050073
30,880,9.085238389683258
30,980,6.28589465314649
30,31,0.10581407547508573
30,32,0.07118517276322876
30,33,0.048109516113609134
30,99300,19.970838636640043
40,10,4.296209366217915
40,20,8.616903485303762
40,40,0.0
40,50,11.518702585377941
40,70,7.126472287821062
40,80,6.114896041845932
40,110,8.289459440692504
40,120,8.430631478823095
40,140,9.865393840754688
40,150,5.93644837857809
40,160,7.559029031218524
40,170,4.340239857452679
40,190,10.476531463251703
40,210,2.7564328516877072
40,220,8.666364441675078
40,230,9.318893650066128
40,240,12.3024416601637
40,250,3.045551258709008
40,260,5.33523302622264
40,270,12.515545848008857
40,290,5.558902357386217
40,300,9.763518787293034
40,310,2.938592652217074
40,320,5.724620553091986
40,330,11.436408463412787
40,340,7.1454436668720005
40,360,11.42492712704064
40,380,3.9184159077974767
40,390,4.429728573436443
40,460,8.807755676394581
40,470,8.69749321088865
40,480,1.6139713176013932
40,490,3.764343109081878
40,500,12.205497093726118
40,510,11.30128961657641
40,520,3.648193214710184
40,530,10.15160405611956
40,550,6.4609007757840216
40,560,1.4990257440447374
40,570,4.998724413540472
40,580,5.045035654834477
40,590,9.053542892411814
40,620,5.38375241935722
40,630,6.9840732765707925
40,650,6.516212153624361
40,660,10.61290156926054
40,670,10.365817259204638
40,690,10.322226804121465
40,700,4.895973598563557
40,730,3.484642710968129
40,740,5.4717370462493875
40,750,7.647736219363932
40,760,4.8065838642508565
40,780,4.016386118827364
40,790,1.9570850500025017
40,800,9.251932103515445
40,810,6.521682439477764
40,820,7.676580031203458
40,830,6.749733559655156
40,840,5.802963850452798
40,860,3.1545558884444973
40,870,7.154045714154361
40,890,10.496162571763817
40,900,1.9456171364926202
40,920,9.143827936018344
40,930,1.9169974551963442
40,950,5.593804745590394
40,960,10.365358035684004
40,970,9.838775268294947
40,990,6.506334411156169
40,41,0.045739488501436096
40,42,0.08985222792008656
40,43,0.09155699875243835
40,99300,31.691304131979713
50,10,10.20628953882282
50,20,9.447937750487965
50,40,11.518702585377941
50,50,0.0
50,100,7.757174623269308
50,110,11.449087021333614
50,130,8.684812730577484
50,150,5.585190166522943
50,160,8.084229970102419
50,200,5.0009036818964265
50,210,12.47986795971306
50,220,5.903459184261835
50,250,11.336090739903003
50,270,6.312521625178624
50,320,10.148243603842772
50,330,4.346166561651861
50,340,10.239127747706442
50,350,7.893205059222083
50,390,7.64556664981538
50,400,3.157164628990654
50,430,9.23474255939696
50,440,7.192391459255781
50,460,11.161255906499042
50,470,2.849239547597257
50,480,10.601448326348963
50,510,1.9176837057205334
50,520,7.923368680268927
50,530,9.69966086978515
50,550,7.492134552712703
50,610,5.012999095630805
50,620,8.83163145694184
50,650,10.991525969202867
50,660,11.822615880780312
50,680,2.0906690735473994
50,700,11.47641658597967
50,780,10.626279834174507
50,790,11.19907455074144
50,800,7.700923077731606
50,810,9.019355296250176
50,830,11.859044530923425
50,860,9.623814573166245
50,870,5.772797020066491
50,890,2.7883591166594823
50,900,9.604971064784479
50,920,3.771090607784552
50,930,12.390119053123083
50,940,6.454508556210524
50,970,10.849491460193855
50,990,5.859078446676136
50,51,0.03379775562040502
50,52,0.03580766434759992
50,53,0.024433194888207138
50,99300,39.1734899347347
60,60,0.0
60,100,6.388171579883803
60,220,12.320736543643024
60,270,8.692727308777553
60,330,10.499605170802118
60,350,8.183166996647316
60,400,10.956262197525845
60,420,2.319094594200519
60,430,6.059595385063118
60,510,12.382282119011096
60,530,11.117058545467733
60,610,9.05733918324009
60,660,11.979553883699124
60,800,11.531869866211206
60,880,7.951462441983173
60,910,1.624655441818811
60,940,7.709771009655239
60,61,0.11222612427496993
60,62,0.06750629667595748
60,63,0.14012017870512636
60,99300,35.79060263036195
70,10,5.065964793459624
70,20,7.108002108643991
70,30,8.23824156577186
70,40,7.126472287821062
70,70,0.0
70,80,8.534871123906763
70,120,3.3002161960969167
70,140,3.8471129756350764
70,150,10.391597208494195
70,160,7.563577779261108
70,170,3.296460022332065
70,190,6.160476720183117
70,210,9.605847970734398
70,220,9.831990190651585
70,230,2.344229131115462
70,240,6.656612228685119
70,250,4.637348898344286
70,260,2.2223729122250093
70,280,10.738584695134977
70,290,10.794894212463186
70,300,5.1606625838666735
70,310,5.391822783918772
70,320,5.04266995887751
70,340,5.454151306620259
70,350,11.988054206009528
70,360,4.681321960912997
70,380,7.262721920368681
70,390,10.512042557111274
70,460,5.832176404436433
70,470,12.508006846738137
70,480,6.322060941404638
70,490,3.3798233141497476
70,500,5.081310804912483
70,520,8.457174995780699
70,530,8.24181687430193
70,540,7.3825482656092305
70,550,7.708345891566948
70,560,7.421771425420399
70,570,6.1269172102264955
70,580,4.364273927252571
70,590,6.332844029690504
70,620,6.3187426159192945
70,630,10.987139335812836
70,640,8.543800715312642
70,660,7.1257892085938614
70,670,9.432142521732137
70,690,3.473523077765885
70,700,3.7103553150761095
70,730,8.905359569730674
70,740,1.6913833890649785
70,750,1.9500970891820668
70,760,11.601890685646387
70,770,11.902348792762869
70,780,11.12617947503417
70,790,9.082570610865558
70,800,8.926073287447098
70,810,6.320520957315165
70,820,2.3710406343332777
70,830,3.6434674166565175
70,840,2.7796844645082324
70,850,6.014113607286646
70,860,6.173342401144003
70,880,12.443527797261657
70,900,7.606916641991401
70,920,11.581666748401075
70,930,5.226664734715615
70,950,9.573490907099327
70,960,12.280022952898795
70,990,9.318242897361595
70,71,0.06566181829932102
70,72,0.13596642288906188
70,73,0.10730329650008683
70,99300,24.949425302142856
80,10,9.252241333488337
80,40,6.114896041845932
80,70,8.534871123906763
80,80,0.0
80,110,11.536973146028966
80,120,11.429984628835047
80,140,8.764935353971445
80,150,12.040298841383704
80,170,5.569227075490778
80,180,7.632750187214793
80,190,7.525439501252543
80,210,5.772015402413987
80,230,9.637196168423518
80,250,7.595354238448995
80,260,8.262091623796525
80,290,3.6671411334801904
80,310,4.131007138670034
80,320,10.476185336220574
80,340,11.761117341547754
80,360,10.758321525497061
80,380,2.2196152621026233
80,390,10.210957563046712
80,450,8.854538496781222
80,480,7.331442062928616
80,490,6.8191376963713415
80,520,9.761805291405013
80,540,9.95501963408416
80,550,12.112683258429888
80,560,4.6887920015132485
80,570,2.4139451137902457
80,580,4.170784617278324
80,590,5.431749072886636
80,620,10.758877098099065
80,630,2.6836237173794752
80,650,10.027623859724644
80,670,4.91499335264635
80,690,11.902410944007885
80,700,8.988611620936359
80,730,3.5215562831086937
80,740,7.203038878466926
80,750,10.1588343601717
80,760,6.546381713601765
80,780,8.2224556541303
80,790,6.677281395484389
80,810,11.668347067698809
80,820,7.220887716882122
80,830,10.554370629180964
80,840,5.780202423930397
80,860,8.76041298195602
80,900,8.058045379825883
80,930,5.8590663665266804
80,950,1.8087470821172587
80,960,4.368108437720094
80,990,12.52694282834258
80,81,0.22988679664144968
80,82,0.18177526651431766
80,83,0.12996635623071218
80,99300,29.441460783991385
90,0,10.941706202679677
90,30,8.427185450474553
90,90,0.0
90,240,11.387612370684355
90,280,6.002963132498533
90,370,2.8093026769117815
90,410,2.935267003948073
90,500,12.081818500490526
90,600,3.2140534201530797
90,640,8.57770141475159
90,720,11.871030578677436
90,770,9.275886332354657
90,850,10.695574029938482
90,880,12.138917413111143
90,980,4.068676305531096
90,91,0.03941414206616505
90,92,0.09183350969127915
90,93,0.03904550399653174
90,99300,17.71322806897717
100,10,11.6490123028486
100,20,7.962366313528362
100,50,7.757174623269308
100,60,6.388171579883803
100,100,0.0
100,120,12.147673762230982
100,150,10.315211798088303
100,160,7.983751226727511
100,200,12.55516246376608
100,220,6.431886797972574
100,240,11.898686166443296
100,270,2.5827686180871297
100,300,10.749388437074986
100,320,10.644198664473501
100,330,4.139506241737131
100,340,9.709556855474672
100,350,3.0900306816011183
100,400,4.9168859004338
100,420,8.426211245377628
100,430,2.268372008273743
100,460,9.330476137488697
100,470,8.464036198038167
100,510,6.031980504216868
100,520,11.800068330908417
100,530,6.9094572772358775
100,550,8.723741074886536
100,610,2.7441781775227216
100,620,10.086854193625687
100,660,8.686552222800142
100,680,6.708231564320869
100,700,12.290015028620177
100,800,6.308778629039712
100,810,9.313393953043247
100,830,11.4587332324032
100,860,12.101946701230068
100,870,12.368882872986958
100,880,8.22210359763789
100,890,10.457582690780127
100,910,7.911449440712708
100,920,6.593097715195583
100,940,2.4107365151478466
100,990,8.765930250352433
100,101,0.13702256195310522
100,102,0.16441242855588603
100,103,0.14750748448438467
100,99300,35.74985295783794
110,10,11.533310586388977
110,40,8.289459440692504
110,50,11.449087021333614
110,80,11.536973146028966
110,110,0.0
110,130,6.453415418580645
110,150,8.35049477024462
110,170,12.55740778041849
110,200,9.709454824989809
110,210,6.261273514880818
110,250,10.977300153702977
110,290,8.180558997841963
110,310,10.752148431488537
110,380,10.267281314485334
110,390,6.054038704828591
110,440,8.964610780205138
110,470,9.831079172347366
110,480,9.211729562568317
110,490,12.02095597083033
110,510,12.545845515685077
110,520,8.23907390649094
110,550,11.81352658476843
110,560,8.418908876985173
110,570,12.019003308406047
110,620,11.6957309169126
110,630,10.17161284308146
110,650,1.7739433172232018
110,730,8.181546775413057
110,760,4.99149096233141
110,780,4.274842654879783
110,790,6.353466578427544
110,860,10.034542272379532
110,870,5.9258187018482005
110,890,8.870857612730862
110,900,8.106965022383651
110,920,11.772855313005548
110,930,10.206080349245575
110,950,9.870949344200426
110,970,1.9911398619081615
110,990,10.410272540770853
110,111,0.1389144169863825
110,112,0.17651504137620624
110,113,0.08254009407713972
110,99300,39.85121239600884
120,10,4.733111193132977
120,20,4.429295796999606
120,30,6.8996173328646595
120,40,8.430631478823095
120,70,3.3002161960969167
120,80,11.429984628835047
120,100,12.147673762230982
120,120,0.0
120,140,6.560794178738449
120,150,9.655455102885675
120,160,5.4472815853204795
120,170,5.873556259346537
120,190,9.251040229515667
120,210,11.167632255676924
120,220,7.732780553872774
120,230,4.437221120886437
120,240,3.915348174595538
120,250,5.401720309771975
120,260,3.321666201141131
120,270,10.131041146486883
120,280,9.014161499445617
120,300,1.869603500972937
120,310,7.723322528069706
120,320,3.7892874647165544
120,330,10.53995430183639
120,340,3.275155817154193
120,350,9.058600310528314
120,360,6.523742249513966
120,380,9.818310700757449
120,390,10.600509446640618
120,410,12.45208704568554
120,430,10.578400201980754
120,460,2.828074856264632
120,470,11.17767621358207
120,480,7.109053994834514
120,490,5.01364861844945
120,500,5.359648358952001
120,510,12.115589926144242
120,520,8.315512611175498
120,530,5.238379349439837
120,540,10.039074238867737
120,550,6.136259259355042
120,560,9.230994855856219
120,570,9.031584718620422
120,580,7.336297668329628
120,590,9.621754968872994
120,600,11.909208439329742
120,610,12.094218401096798
120,620,5.174199842688988
120,640,6.450911830048829
120,660,3.851439906578126
120,690,2.8902375282765997
120,700,3.609326968128358
120,730,11.0628051444819
120,740,4.234303187566159
120,750,1.3587891860442063
120,770,12.215004527636692
120,780,12.099114647401027
120,790,10.286632916778695
120,800,6.379431563877905
120,810,4.5570953535807455
120,820,5.6188627707530605
120,830,1.964921669922284
120,840,5.909442898286723
120,850,4.592865002698118
120,860,6.218992188885105
120,880,9.188822232502156
120,900,8.121873244085618
120,920,9.760297927947313
120,930,6.820120640226942
120,950,12.195977403206319
120,990,8.034596738186513
120,121,0.22793939839423769
120,122,0.15879136391027732
120,123,0.09423755938840869
120,99300,25.72194112018797
130,50,8.684812730577484
130,110,6.453415418580645
130,130,0.0
130,150,9.266540694478259
130,200,4.546406577927389
130,210,11.660266953928472
130,390,8.597889783045986
130,400,11.729972125506555
130,440,2.833592822395234
130,470,8.818610253991272
130,510,10.454738897079068
130,520,10.694427480076138
130,650,7.488624325361036
130,680,10.141627898637752
130,760,11.05252643059482
130,780,9.216163136649698
130,790,11.111959174530847
130,870,6.254450785582222
130,890,6.0248906546485115
130,900,11.560218578418318
130,920,11.043252878014975
130,970,4.613921749223613
130,990,11.198310688151908
130,131,0.45349653918673716
130,132,0.10550874108588904
130,133,0.44084148297675657
130,99300,44.04927321934844
140,10,8.804622025704347
140,20,10.805380322227393
140,30,8.340209967415536
140,40,9.865393840754688
140,70,3.8471129756350764
140,80,8.764935353971445
140,120,6.560794178738449
140,140,0.0
140,160,11.390446249093149
140,170,5.525271465798094
140,190,2.9420003112831967
140,210,11.859624458819379
140,230,2.1909147189527904
140,240,8.669785658899315
140,250,8.048239104832234
140,260,5.946262002702813
140,280,10.921953073935722
140,290,11.942859638736303
140,300,8.200122692784117
140,310,7.309008701230926
140,320,8.888680964547907
140,340,9.242500642556658
140,360,1.9983077015477555
140,380,8.440014228370398
140,460,9.35552439281121
140,480,9.515101449108414
140,490,6.542839482176277
140,500,4.388414876618304
140,520,11.959892223973158
140,530,11.78432430060576
140,540,3.5501122346264826
140,550,11.551514305263835
140,560,9.638489747772349
140,570,6.75772622167975
140,580,5.341252699990286
140,590,4.260879326574452
140,620,10.143141799323825
140,630,11.44760907485443
140,640,9.47137836311174
140,660,10.322805558430142
140,670,7.510891391029546
140,690,4.843215977402951
140,700,7.494948588276569
140,730,10.50338893085899
140,740,4.810882344952986
140,750,5.431333783975257
140,770,9.609167945324824
140,790,11.717635943606524
140,810,10.164313535040742
140,820,2.190725157848884
140,830,7.430772433489442
140,840,4.086731064281363
140,850,6.789831805937811
140,860,9.730476110065705
140,900,10.842252167686048
140,930,7.999983295664125
140,950,10.31213625209422
140,960,11.404602634066357
140,141,0.02383236073834648
140,142,0.031889346090680074
140,143,0.014093502611560192
140,99300,21.833336795832246
150,10,5.339907858493308
150,20,6.860009497905959
150,40,5.93644837857809
150,50,5.585190166522943
150,70,10.391597208494195
150,80,12.040298841383704
150,100,10.315211798088303
150,110,8.35049477024462
150,120,9.655455102885675
150,130,9.266540694478259
150,150,0.0
150,160,5.184150074218174
150,170,9.07446423218244
150,200,8.17535823779118
150,210,7.176669847517274
150,220,4.485110216769261
150,250,6.067137939242703
150,260,8.172773256917472
150,270,7.8554839861302685
150,290,10.763663724292275
150,300,9.950048214756201
150,310,8.582400696143454
150,320,5.875107140943818
150,330,6.237470021321271
150,340,6.634465171670632
150,350,8.603600082947645
150,380,9.854376281683537
150,390,2.63832700695764
150,400,7.674846480348796
150,430,10.651403559255346
150,440,9.496154366981333
150,460,8.160511499825265
150,470,2.764051129613991
150,480,5.071409653970363
150,490,7.622827471177081
150,510,5.495022115915176
150,520,2.3544234432708517
150,530,7.9504816496723
150,550,3.87495878204186
150,560,7.358966542954866
150,570,10.81006134705032
150,580,10.398074513072615
150,610,8.128639160498972
150,620,4.481430277248282
150,630,12.557760447190736
150,650,7.161641737672298
150,660,9.539750231740081
150,680,7.5074708583447665
150,690,12.428592785107993
150,700,6.717055326782
150,730,9.031342972145183
150,740,9.248279690912891
150,750,9.715461318944508
150,760,8.411334691779857
150,780,5.817275274406078
150,790,5.818064634681585
150,800,6.109482015299436
150,810,5.2996568951866045
150,820,11.991020226759806
150,830,7.728064921872191
150,840,10.504002470474038
150,860,4.339116290704094
150,870,3.1008415036183696
150,890,4.992738540709798
150,900,4.020458458269239
150,920,3.7500900436492297
150,930,6.877400549176601
150,940,10.246790771104896
150,950,11.319786530197922
150,970,8.756607750085578
150,990,2.1219214172648093
150,151,0.17536566721732172
150,152,0.12083587669419325
150,153,0.13308452357728945
150,99300,35.17818495018742
160,10,3.6852533365539686
160,20,1.6793072603940797
160,30,11.632711074996298
160,40,7.559029031218524
160,50,8.084229970102419
160,70,7.563577779261108
160,100,7.983751226727511
160,120,5.4472815853204795
160,140,11.390446249093149
160,150,5.184150074218174
160,160,0.0
160,170,8.046356013821512
160,200,12.358681473335686
160,210,10.012959210358522
160,220,2.3110306604308417
160,230,9.520766368508243
160,240,7.627928232483363
160,250,5.338664213156615
160,260,5.779539894311947
160,270,5.5154656586592
160,300,5.103253859958562
160,310,8.810829153306942
160,320,2.702389422202357
160,330,5.315814984425283
160,340,2.209400571069446
160,350,5.1695878861837565
160,360,11.799320377032656
160,380,10.79558046467959
160,390,7.151183424941544
160,400,8.189581550400352
160,430,7.2327560763002525
160,460,3.1794267397941813
160,470,5.934422314653178
160,480,5.963128721456508
160,490,6.421236951671786
160,500,10.79815418067262
160,510,6.675347265140431
160,520,5.098627186100556
160,530,2.888859271090004
160,550,1.3913717326288528
160,560,8.961651871107982
160,570,10.922188965588882
160,580,9.737623923006712
160,610,7.11322883021757
160,620,2.2042455967212105
160,640,10.49949139627174
160,650,11.762087697660952
160,660,4.3644612167038135
160,680,9.119633337020051
160,690,8.328925474138375
160,700,4.350237543284062
160,730,11.015360438463821
160,740,7.231172945676253
160,750,6.09990306718011
160,760,11.843007636299795
160,780,9.776300641676796
160,790,8.707699926959098
160,800,1.7352916504441533
160,810,1.3424552286011298
160,820,9.779015654925177
160,830,3.976291618111292
160,840,9.021223871669497
160,850,9.565548427315393
160,860,4.408223823270969
160,870,8.276842739474684
160,880,9.258421752014872
160,890,9.113128975845934
160,900,6.066413106795293
160,920,4.319314270038639
160,930,7.08418647933219
160,940,9.136835546215154
160,990,3.122205527693206
160,161,0.022234708372413498
160,162,0.07694183335541153
160,163,0.05342062755928281
160,99300,31.094799849419815
170,10,4.503208522041172
170,20,8.281367094064473
170,30,11.534420502185434
170,40,4.340239857452679
170,70,3.296460022332065
170,80,5.569227075490778
170,110,12.55740778041849
170,120,5.873556259346537
170,140,5.525271465798094
170,150,9.07446423218244
170,160,8.046356013821512
170,170,0.0
170,190,6.437336386195998
170,210,6.500196305379186
170,220,9.994934378323496
170,230,5.164361251344752
170,240,9.666555837336443
170,250,3.0995339778797026
170,260,2.717900083353559
170,290,7.505970323537329
170,300,7.657469986375544
170,310,2.101935054337821
170,320,5.3748527313377785
170,340,6.472332941100794
170,360,7.128599199426709
170,380,4.014472321972752
170,390,8.422816951402236
170,460,7.59011850139228
170,470,11.608571032412653
170,480,4.15165009007434
170,490,1.6495955047224398
170,500,8.229984341740117
170,520,6.800511503192867
170,530,9.714421891072417
170,540,8.473005241242483
170,550,7.6022883200655285
170,560,4.2683754576911666
170,570,3.2024284172499518
170,580,1.7040076695218227
170,590,5.48638037135621
170,620,6.104492198678117
170,630,7.83091808927105
170,640,11.781775024305746
170,650,10.78631050119244
170,660,9.248828454120334
170,670,7.833156043367395
170,690,6.76641321237748
170,700,3.7397246910080084
170,730,5.614444660483734
170,740,1.7033497049363147
170,750,4.642723927543494
170,760,8.427181192319521
170,780,8.313203869150144
170,790,6.213145152733879
170,800,9.711214260378847
170,810,6.707722247640801
170,820,3.336465357138029
170,830,5.058152625895667
170,840,1.4979165562978838
170,850,9.302428033853522
170,860,4.806265515421523
170,870,11.09018940250373
170,900,5.456464220638835
170,920,11.27480530172407
170,930,2.49305020532378
170,950,6.371020507032795
170,960,9.688929262347266
170,990,8.66923211044556
170,171,0.09514125101675269
170,172,0.06279584275594328
170,173,0.08960570249812948
170,99300,27.35285647267346
180,80,7.632750187214793
180,180,0.0
180,190,12.521472141698593
180,210,11.76715832271254
180,290,8.18458693626531
180,310,11.747439195655925
180,380,9.694830347931166
180,450,4.085362685491783
180,560,11.748244589379045
180,570,9.928406525232347
180,580,11.574596419254402
180,590,10.655983581531878
180,630,6.318803581806229
180,670,7.651349136400683
180,730,9.864662996292513
180,760,11.216635780481385
180,950,7.65286368815018
180,960,3.5473143652694
180,181,0.12004258226769954
180,182,0.15251898666522354
180,183,0.149723750331346
180,99300,32.28017628475096
190,10,10.56977883434795
190,30,11.07773003123643
190,40,10.476531463251703
190,70,6.160476720183117
190,80,7.525439501252543
190,120,9.251040229515667
190,140,2.9420003112831967
190,170,6.437336386195998
190,180,12.521472141698593
190,190,0.0
190,210,11.8984380421526
190,230,5.077904703754804
190,240,11.607988829117025
190,250,9.446341952575573
190,260,7.878444590929643
190,290,11.089925851986383
190,300,10.988910190403335
190,310,7.585288727381262
190,320,10.973914117919149
190,340,11.583310089708062
190,360,4.467988959189184
190,380,7.964898563079114
190,450,11.000343914536659
190,460,11.95681263503886
190,480,10.575511317357556
190,490,7.894128838348821
190,500,7.154103576879991
190,540,2.443400641573831
190,560,9.829957695540418
190,570,6.1757572579467634
190,580,5.440713666088144
190,590,2.125234327474083
190,620,12.07033922212985
190,630,10.12055387958718
190,640,12.344598371041666
190,670,4.906417040085727
190,690,7.778697009528504
190,700,9.411444167654786
190,710,12.372827389059172
190,730,10.114879691104628
190,740,6.48452145823674
190,750,8.002840131027043
190,770,11.06713286806033
190,790,12.099328290764161
190,810,12.318747462748076
190,820,3.842723506321122
190,830,9.786754699895372
190,840,4.9912459507666025
190,850,9.690080781361194
190,860,11.18071733220107
190,900,11.858664164682127
190,930,8.834503820666615
190,950,9.282855224393707
190,960,9.18650945261528
190,191,0.25592178750934974
190,192,0.16624234596809037
190,193,0.3633416252060211
190,99300,21.97710291736144
200,50,5.0009036818964265
200,100,12.55516246376608
200,110,9.709454824989809
200,130,4.546406577927389
200,150,8.17535823779118
200,160,12.358681473335686
200,200,0.0
200,220,10.453813131151659
200,270,11.308608883895655
200,330,9.34513457013846
200,390,8.875591701766444
200,400,7.664520535222964
200,440,2.2737925244385453
200,470,6.424871959248202
200,510,6.918021549523641
200,520,10.299933565082497
200,550,11.423666255251991
200,610,9.846211614815202
200,620,12.466114848620714
200,650,10.063102122564155
200,680,5.93081232086717
200,780,10.86766238438928
200,790,12.255945176079788
200,800,12.361829812445745
200,860,12.48398289463706
200,870,6.161493722659873
200,890,3.2769761576411183
200,900,11.683317663900107
200,920,8.324882021772057
200,940,10.85919523897892
200,970,8.335819105637341
200,990,9.515149107349185
200,201,0.2858501688491281
200,202,0.0513043838450414
200,203,0.08592510735311455
200,99300,43.241978541603785
210,10,7.000915858039939
210,20,11.216707494079246
210,40,2.7564328516877072
210,50,12.47986795971306
210,70,9.605847970734398
210,80,5.772015402413987
210,110,6.261273514880818
210,120,11.167632255676924
210,130,11.660266953928472
210,140,11.859624458819379
210,150,7.176669847517274
210,160,10.012959210358522
210,170,6.500196305379186
210,180,11.76715832271254
210,190,11.8984380421526
210,210,0.0
210,220,10.767546901421095
210,230,11.656741028756647
210,250,5.799937139411247
210,260,8.000747114893798
210,290,3.5985709069306067
210,300,12.519886218023982
210,310,4.550880865212425
210,320,8.424233691530494
210,340,9.837959969450981
210,380,4.099992711795924
210,390,4.836149875066318
210,460,11.526392605881274
210,470,9.83702177482222
210,480,4.282174522935967
210,490,6.350462249501623
210,520,5.338571767768443
210,550,8.786563878518894
210,560,2.2359656689024296
210,570,5.794532907928384
210,580,6.603178531956974
210,590,10.143843515489506
210,620,7.9189326716036135
210,630,5.5029614459911995
210,650,4.554852077426309
210,670,10.612322527843792
210,700,7.651936497746826
210,730,2.2585811906472104
210,740,7.915843528928167
210,750,10.327617715440095
210,760,2.0578405765113272
210,780,2.455311732727004
210,790,1.3899975669410325
210,800,11.636742880162672
210,810,9.101062767026168
210,820,9.729433558121539
210,830,9.506163134226396
210,840,7.799547147835025
210,860,5.718539363407481
210,870,7.20982364792254
210,890,10.877628769734796
210,900,3.9589166680607484
210,920,10.807348717937499
210,930,4.4403756573579996
210,950,4.494972091600921
210,960,9.414992748102193
210,970,8.071536506178317
210,990,8.374632012831237
210,211,0.11030801679606425
210,212,0.04404345488225807
210,213,0.05744204297265104
210,99300,33.628653185015686
220,10,5.495389059536295
220,20,3.5444942219763838
220,40,8.666364441675078
220,50,5.903459184261835
220,60,12.320736543643024
220,70,9.831990190651585
220,100,6.431886797972574
220,120,7.732780553872774
220,150,4.485110216769261
220,160,2.3110306604308417
220,170,9.994934378323496
220,200,10.453813131151659
220,210,10.767546901421095
220,220,0.0
220,230,11.82756851834631
220,240,9.527564387153689
220,250,7.0517409628206575
220,260,7.945512754216223
220,270,3.8492320948667516
220,300,7.194551648838072
220,310,10.445703232756522
220,320,4.8477037916227115
220,330,3.1110457453551597
220,340,4.51972604222063
220,350,4.194588560496471
220,380,12.274740357648025
220,390,6.974040615430601
220,400,5.895909670099455
220,430,6.300821678754156
220,440,12.353440132489036
220,460,5.262192358659626
220,470,4.156491894837552
220,480,7.195520807373201
220,490,8.345567978142702
220,510,4.385233488910876
220,520,5.4538568577245705
220,530,3.985378362468462
220,550,2.407015868786106
220,560,10.152372200189436
220,580,11.644772547761901
220,610,5.033491574301588
220,620,3.8912727947285823
220,640,12.338827606171483
220,650,11.609270770890548
220,660,6.003516905048657
220,680,6.817155284737313
220,690,10.599929717348264
220,700,6.43934360861042
220,730,12.139282439520477
220,740,9.370585421919541
220,750,8.410197523830877
220,760,12.376388641492207
220,780,9.995416304520978
220,790,9.388180258589749
220,800,1.9296024188891707
220,810,3.515788717679037
220,820,11.996014278061772
220,830,6.2795182867222055
220,840,11.098266779173835
220,850,11.681409380232296
220,860,5.713139502784796
220,870,7.308043324198733
220,880,9.838487413520772
220,890,7.3058491562868975
220,900,6.8778806443550735
220,920,2.1570424903785304
220,930,8.640860843398508
220,940,7.157053915594088
220,990,2.512019440936794
220,221,0.17723363607311224
220,222,0.011717003820959705
220,223,0.18724447619363196
220,99300,33.2910487466482
230,10,7.370764188742456
230,20,8.783169855676064
230,30,6.867321932127553
230,40,9.318893650066128
230,70,2.344229131115462
230,80,9.637196168423518
230,120,4.437221120886437
230,140,2.1909147189527904
230,160,9.520766368508243
230,170,5.164361251344752
230,190,5.077904703754804
230,210,11.656741028756647
230,220,11.82756851834631
230,230,0.0
230,240,6.56064021297558
230,250,6.972204935652789
230,260,4.558650937558179
230,280,9.465620090314767
230,290,12.393712001390213
230,300,6.018965765362858
230,310,7.2219842703790595
230,320,7.183958547569081
230,340,7.326532826110307
230,360,2.3633357237890333
230,380,8.806930956304523
230,460,7.259224673687099
230,480,8.629575452437084
230,490,5.643363656291259
230,500,3.149646321009819
230,520,10.800834662408462
230,530,9.675599162788089
230,540,5.6024608774360125
230,550,9.845780989780037
230,560,9.430059091657595
230,570,7.3549763170925075
230,580,5.665565585915418
230,590,6.028296508387578
230,600,11.974658010553673
230,620,8.527315043117781
230,630,12.255638065896331
230,640,7.681070456914099
230,660,8.146665923916368
230,670,9.317950961369212
230,690,2.7403018468278977
230,700,5.99845045017208
230,730,10.67950276812371
230,740,3.8610259050449165
230,750,3.4329711909834466
230,770,9.654057606385608
230,790,11.260651661344335
230,800,10.700489343061038
230,810,8.370678709887791
230,820,2.4242174546541206
230,830,5.548874852584541
230,840,4.073128627055233
230,850,4.976465675934614
230,860,8.516133747542092
230,900,9.928392677930319
230,930,7.402093200420338
230,950,10.957241192486205
230,980,12.305979755170613
230,990,11.545431893977517
230,231,0.14250604509629256
230,232,0.1570802891384437
230,233,0.1024732256493281
230,99300,22.607548419884985
240,10,8.350854459026905
240,20,6.032034560965344
240,30,4.17027655884639
240,40,12.3024416601637
240,70,6.656612228685119
240,90,11.387612370684355
240,100,11.898686166443296
240,120,3.915348174595538
240,140,8.669785658899315
240,160,7.627928232483363
240,170,9.666555837336443
240,190,11.607988829117025
240,220,9.527564387153689
240,230,6.56064021297558
240,240,0.0
240,250,9.25830639111592
240,260,7.225951309942486
240,270,10.563808749744288
240,280,5.559806572477673
240,300,2.7136896009368354
240,310,11.599019196408037
240,320,7.122616341395773
240,330,11.64919833878507
240,340,6.023061765827123
240,350,9.055334321905018
240,360,7.696455397025598
240,370,10.600779981055375
240,410,8.691000635970303
240,430,9.860456157461739
240,460,4.476277243520247
240,480,10.910829603403208
240,490,8.924636887382817
240,500,5.283321021108177
240,520,11.725644378197824
240,530,5.774122138496923
240,540,11.627953460425102
240,550,8.775609948325732
240,580,10.987255641955294
240,590,12.526699229790003
240,600,8.45336610903996
240,620,8.312431997037837
240,640,2.8815819805931735
240,660,3.6080352958706112
240,690,3.8301659716372276
240,700,7.419461771288459
240,740,7.974284026776616
240,750,5.025390649508024
240,770,10.646077430166986
240,800,7.699636012932136
240,810,7.328775824345489
240,820,8.595600779750098
240,830,5.597781434895928
240,840,9.43448704944728
240,850,2.740461808470364
240,860,9.844683825513691
240,880,6.3598074755019836
240,900,11.812772143664244
240,920,11.68440687958543
240,930,10.73313491296835
240,980,10.188421305004285
240,990,10.691951636932005
240,241,0.13647628557790328
240,242,0.16267339946089343
240,243,0.10684766639498178
240,99300,24.104725841069435
250,10,1.6568894387533104
250,20,6.006238022144858
250,30,12.126261297322133
250,40,3.045551258709008
250,50,11.336090739903003
250,70,4.637348898344286
250,80,7.595354238448995
250,110,10.977300153702977
250,120,5.401720309771975
250,140,8.048239104832234
250,150,6.067137939242703
250,160,5.338664213156615
250,170,3.0995339778797026
250,190,9.446341952575573
250,210,5.799937139411247
250,220,7.0517409628206575
250,230,6.972204935652789
250,240,9.25830639111592
250,250,0.0
250,260,2.5228372796223812
250,270,10.759151974165912
250,290,8.208056792803847
250,300,6.726193917525393
250,310,3.472204001457483
250,320,2.9564277848099345
250,330,10.112098472291128
250,340,4.340937805951891
250,350,10.505120942022918
250,360,9.264472889841336
250,380,5.494480166214643
250,390,5.877306719657642
250,430,12.544483430812047
250,460,5.897472128872491
250,470,8.526678871064947
250,480,1.7656307223788557
250,490,1.556403848779543
250,500,9.574122350124927
250,510,10.617934505831247
250,520,3.9116594005651972
250,530,7.5407038313418
250,540,11.315556507716162
250,550,4.645496687813032
250,560,4.058979323453729
250,570,5.617019114569131
250,580,4.644794331210407
250,590,8.585211027963123
250,610,12.076946865801885
250,620,3.2032875268821637
250,630,9.229196278271795
250,640,11.84957564572001
250,650,9.235655787232881
250,660,7.702606979980324
250,670,10.772601209069764
250,690,7.490709606013626
250,700,1.8540708327145343
250,730,6.06955406810208
250,740,3.2428164035947766
250,750,4.724813934031745
250,760,7.852117395554841
250,780,6.761497249876729
250,790,4.887088647012748
250,800,7.069314078466187
250,810,4.075296137688279
250,820,5.941969722570831
250,830,3.7114941925692726
250,840,4.458802997541981
250,850,9.787477208112211
250,860,1.7348681086386184
250,870,8.380751669186889
250,890,11.055816063408193
250,900,2.984195202958289
250,920,8.197607218874747
250,930,1.8056344283051606
250,950,7.729107483247124
250,960,11.95251621827088
250,970,12.311835520449094
250,990,5.572885747965952
250,251,0.05891249386729448
250,252,0.07749160972903375
250,253,0.04619318015308058
250,99300,29.577973956934358
260,10,2.8648652519375575
260,20,5.718097698492407
260,30,9.71119077829182
260,40,5.33523302622264
260,70,2.2223729122250093
260,80,8.262091623796525
260,120,3.321666201141131
260,140,5.946262002702813
260,150,8.172773256917472
260,160,5.779539894311947
260,170,2.717900083353559
260,190,7.878444590929643
260,210,8.000747114893798
260,220,7.945512754216223
260,230,4.558650937558179
260,240,7.225951309942486
260,250,2.5228372796223812
260,260,0.0
260,270,11.246121347624527
260,280,12.051153348770324
260,290,9.805962240055482
260,300,5.004829752352145
260,310,4.413500093502096
260,320,3.100852648701281
260,330,11.045464716009375
260,340,3.9182337274142403
260,350,10.610043898792952
260,360,6.9035861788036375
260,380,6.529159709511488
260,390,8.347180653709891
260,430,12.46949283798598
260,460,4.8850596573723255
260,470,10.342736743832806
260,480,4.275801279159018
260,490,1.703278465520304
260,500,7.051933358170607
260,510,12.023408700727858
260,520,6.247863138820764
260,530,7.083494717029596
260,540,9.410127513465028
260,550,5.686635467120248
260,560,5.965576546157826
260,570,5.918251528319216
260,580,4.358423407827616
260,590,7.544001684939503
260,620,4.2290050525903125
260,630,10.400224828871732
260,640,9.611364667320254
260,650,11.72000854692516
260,660,6.531048975952091
260,670,10.293593406432981
260,690,5.003592181977703
260,700,1.5586258714646428
260,730,7.748189861280782
260,740,1.4598635576490424
260,750,2.3276390058885053
260,760,10.051210558280692
260,780,9.22886417530661
260,790,7.269687635886931
260,800,7.325829687002622
260,810,4.457052499589664
260,820,4.0729733779585695
260,830,2.354273020044904
260,840,3.301611653440405
260,850,7.38223503301271
260,860,3.9612291600539398
260,870,10.750216576531503
260,880,12.219173381862108
260,900,5.503356513989683
260,920,9.549202121596435
260,930,3.5745555753105585
260,950,8.906710108921061
260,960,12.405718037995719
260,990,7.176580187228752
260,261,0.0207004297896621
260,262,0.061526966301486324
260,263,0.08652984322570995
260,99300,27.14548460845288
270,10,9.13685413294185
270,20,5.759819547714533
270,40,12.515545848008857
270,50,6.312521625178624
270,60,8.692727308777553
270,100,2.5827686180871297
270,120,10.131041146486883
270,150,7.8554839861302685
270,160,5.5154656586592
270,200,11.308608883895655
270,220,3.8492320948667516
270,240,10.563808749744288
270,250,10.759151974165912
270,260,11.246121347624527
270,270,0.0
270,300,8.95860714924556
270,320,8.210620525903808
